0 0 -0.300000 -0.200000 1.850000
0 1 0.210000 -0.032000 2.000000
0 2 0.510000 -0.110000 2.000000
0 3 -0.510000 -0.120000 1.700000
0 4 -0.090000 -0.032000 2.000000
0 5 -0.180000 -0.056000 2.010000
0 6 -0.270000 -0.078000 2.040000
0 7 -0.270000 -0.078000 2.040000
0 8 0.100000 -0.022000 1.320000
0 9 0.090000 -0.045000 1.340000
0 10 0.090000 -0.034000 1.340000
0 11 0.090000 -0.034000 1.340000
0 12 0.090000 -0.024000 1.340000
0 13 0.090000 -0.024000 1.340000
0 14 0.090000 -0.024000 1.340000
0 15 0.090000 -0.024000 1.340000
0 16 0.090000 -0.024000 1.340000
0 17 0.090000 -0.024000 1.340000
0 18 0.330000 -0.046000 0.224500
0 19 0.330000 -0.046000 0.224500
0 20 0.330000 -0.046000 0.224500
1 0 -0.470000 -0.200000 1.850000
1 1 0.070000 -0.032000 2.000000
1 2 0.510000 -0.110000 2.000000
1 3 -0.510000 -0.120000 1.700000
1 4 -0.180000 -0.056000 2.010000
1 5 -0.180000 -0.056000 2.010000
1 6 0.200000 -0.056000 2.010000
1 7 -0.700000 -0.200000 1.850000
1 8 0.640000 -0.110000 2.000000
1 9 -0.800000 -0.200000 1.850000
1 10 -0.800000 -0.200000 1.850000
1 11 0.090000 -0.022000 1.320000
1 12 0.090000 -0.034000 1.340000
1 13 0.090000 -0.034000 1.340000
1 14 0.090000 -0.034000 1.340000
1 15 0.090000 -0.034000 1.340000
1 16 0.090000 -0.034000 1.340000
1 17 0.090000 -0.034000 1.340000
1 18 0.440000 -0.046000 0.224500
1 19 0.460000 -0.046000 0.224500
1 20 0.460000 -0.046000 0.224500
1 21 0.460000 -0.046000 0.224500
1 22 0.460000 -0.046000 0.224500
1 23 0.310000 -0.046000 0.224500
2 0 -0.470000 -0.200000 1.850000
2 1 0.070000 -0.032000 2.000000
2 2 0.510000 -0.110000 2.000000
2 3 -0.510000 -0.120000 1.700000
2 4 -0.180000 -0.056000 2.010000
2 5 -0.280000 -0.056000 2.010000
2 6 0.620000 -0.070000 2.000000
2 7 -0.760000 -0.120000 1.700000
2 8 -0.760000 -0.120000 1.700000
2 9 0.090000 -0.022000 1.320000
2 10 0.090000 -0.034000 1.340000
2 11 0.090000 -0.034000 1.340000
2 12 0.090000 -0.034000 1.340000
2 13 0.090000 -0.034000 1.340000
2 14 0.310000 -0.046000 0.224500
3 0 -0.470000 -0.200000 1.850000
3 1 0.070000 -0.032000 2.000000
3 2 0.510000 -0.110000 2.000000
3 3 -0.510000 -0.120000 1.700000
3 4 -0.180000 -0.056000 2.010000
3 5 0.550000 -0.070000 2.000000
3 6 -0.550000 -0.120000 1.700000
3 7 -0.620000 -0.200000 1.850000
3 8 0.090000 -0.022000 1.320000
3 9 0.090000 -0.034000 1.340000
3 10 0.090000 -0.034000 1.340000
3 11 0.320000 -0.046000 0.224500
3 12 0.300000 -0.046000 0.224500
3 13 0.310000 -0.046000 0.224500
4 0 -0.470000 -0.200000 1.850000
4 1 0.070000 -0.032000 2.000000
4 2 0.510000 -0.110000 2.000000
4 3 -0.510000 -0.120000 1.700000
4 4 -0.180000 -0.056000 2.010000
4 5 -0.090000 -0.032000 2.000000
4 6 -0.270000 -0.078000 2.040000
4 7 -0.270000 -0.078000 2.040000
4 8 0.090000 -0.022000 1.320000
4 9 0.090000 -0.034000 1.340000
4 10 0.090000 -0.034000 1.340000
4 11 0.090000 -0.045000 1.340000
4 12 0.090000 -0.024000 1.340000
4 13 0.090000 -0.024000 1.340000
4 14 0.090000 -0.024000 1.340000
4 15 0.090000 -0.024000 1.340000
4 16 0.090000 -0.024000 1.340000
4 17 0.090000 -0.024000 1.340000
4 18 0.310000 -0.046000 0.224500
5 0 -0.470000 -0.200000 1.850000
5 1 0.070000 -0.032000 2.000000
5 2 0.510000 -0.110000 2.000000
5 3 -0.510000 -0.120000 1.700000
5 4 -0.180000 -0.056000 2.010000
5 5 -0.180000 -0.056000 2.010000
5 6 -0.180000 -0.056000 2.010000
5 7 0.210000 -0.056000 2.010000
5 8 -0.300000 -0.200000 1.850000
5 9 0.090000 -0.022000 1.320000
5 10 0.090000 -0.034000 1.340000
5 11 0.090000 -0.034000 1.340000
5 12 0.090000 -0.034000 1.340000
5 13 0.090000 -0.034000 1.340000
5 14 0.090000 -0.034000 1.340000
5 15 0.090000 -0.034000 1.340000
5 16 0.050000 -0.034000 1.340000
5 17 0.050000 -0.034000 1.340000
5 18 0.330000 -0.046000 0.224500
5 19 0.330000 -0.046000 0.224500
5 20 0.330000 -0.046000 0.224500
5 21 0.310000 -0.046000 0.224500
6 0 -0.470000 -0.200000 1.850000
6 1 0.070000 -0.032000 2.000000
6 2 0.510000 -0.110000 2.000000
6 3 -0.510000 -0.120000 1.700000
6 4 -0.280000 -0.056000 2.010000
6 5 0.620000 -0.070000 2.000000
6 6 -0.760000 -0.120000 1.700000
6 7 -0.760000 -0.120000 1.700000
6 8 0.090000 -0.022000 1.320000
6 9 0.090000 -0.034000 1.340000
6 10 0.090000 -0.034000 1.340000
6 11 0.310000 -0.046000 0.224500
7 0 -0.470000 -0.200000 1.850000
7 1 0.070000 -0.032000 2.000000
7 2 0.510000 -0.110000 2.000000
7 3 -0.510000 -0.120000 1.700000
7 4 0.050000 -0.056000 2.010000
7 5 -0.660000 -0.152100 1.770000
7 6 0.090000 -0.022000 1.320000
7 7 0.090000 -0.034000 1.340000
7 8 0.090000 -0.034000 1.340000
7 9 0.430000 -0.046000 0.224500
7 10 0.310000 -0.046000 0.224500
8 0 -0.470000 -0.200000 1.850000
8 1 -0.020000 -0.056000 2.010000
8 2 0.510000 -0.110000 2.000000
8 3 -0.510000 -0.120000 1.700000
8 4 0.090000 -0.028000 1.340000
8 5 0.090000 -0.028000 1.340000
8 6 0.310000 -0.046000 0.224500
9 0 -0.470000 -0.200000 1.850000
9 1 0.070000 -0.032000 2.000000
9 2 0.510000 -0.110000 2.000000
9 3 -0.510000 -0.120000 1.700000
9 4 -0.180000 -0.056000 2.010000
9 5 -0.090000 -0.032000 2.000000
9 6 -0.270000 -0.078000 2.040000
9 7 -0.270000 -0.078000 2.040000
9 8 0.090000 -0.022000 1.320000
9 9 0.090000 -0.034000 1.340000
9 10 0.090000 -0.034000 1.340000
9 11 0.090000 -0.045000 1.340000
9 12 0.090000 -0.024000 1.340000
9 13 0.090000 -0.024000 1.340000
9 14 0.090000 -0.024000 1.340000
9 15 0.090000 -0.024000 1.340000
9 16 0.090000 -0.024000 1.340000
9 17 0.090000 -0.024000 1.340000
9 18 0.310000 -0.046000 0.224500
10 0 -0.470000 -0.200000 1.850000
10 1 0.070000 -0.032000 2.000000
10 2 0.340000 -0.070000 2.000000
10 3 -0.670000 -0.120000 1.700000
10 4 -0.180000 -0.056000 2.010000
10 5 0.000000 -0.070000 1.992400
10 6 -0.115000 -0.070000 1.992400
10 7 -0.115000 -0.070000 1.992400
10 8 -0.115000 -0.070000 1.992400
10 9 -0.115000 -0.070000 1.992400
10 10 -0.115000 -0.070000 1.992400
10 11 0.090000 -0.022000 1.320000
10 12 0.090000 -0.034000 1.340000
10 13 0.090000 -0.034000 1.340000
10 14 0.115000 -0.030000 1.358200
10 15 0.115000 -0.030000 1.358200
10 16 0.115000 -0.030000 1.358200
10 17 0.115000 -0.030000 1.358200
10 18 0.115000 -0.030000 1.358200
10 19 0.310000 -0.046000 0.224500
10 20 -0.670000 -0.120000 1.700000
