0 0 -0.300000 -0.200000 1.850000
0 1 0.210000 -0.032000 2.000000
0 2 0.510000 -0.110000 2.000000
0 3 -0.510000 -0.120000 1.700000
0 4 -0.280000 -0.056000 2.010000
0 5 0.620000 -0.070000 2.000000
0 6 -0.760000 -0.120000 1.700000
0 7 -0.760000 -0.120000 1.700000
0 8 0.100000 -0.022000 1.320000
0 9 0.090000 -0.034000 1.340000
0 10 0.090000 -0.034000 1.340000
0 11 0.330000 -0.046000 0.224500
0 12 0.330000 -0.046000 0.224500
0 13 0.330000 -0.046000 0.224500
1 0 -0.470000 -0.200000 1.850000
1 1 0.070000 -0.032000 2.000000
1 2 0.510000 -0.110000 2.000000
1 3 -0.510000 -0.120000 1.700000
1 4 -0.270000 -0.078000 2.040000
1 5 0.090000 -0.022000 1.320000
1 6 0.090000 -0.024000 1.340000
1 7 0.090000 -0.024000 1.340000
1 8 0.090000 -0.024000 1.340000
1 9 0.310000 -0.046000 0.224500
2 0 -0.470000 -0.200000 1.850000
2 1 0.070000 -0.032000 2.000000
2 2 0.510000 -0.110000 2.000000
2 3 -0.510000 -0.120000 1.700000
2 4 -0.180000 -0.056000 2.010000
2 5 0.000000 -0.070000 1.992400
2 6 -0.115000 -0.070000 1.992400
2 7 -0.115000 -0.070000 1.992400
2 8 -0.115000 -0.070000 1.992400
2 9 -0.115000 -0.070000 1.992400
2 10 0.110000 -0.070000 1.992400
2 11 -0.540000 -0.152100 1.770000
2 12 0.090000 -0.022000 1.320000
2 13 0.090000 -0.034000 1.340000
2 14 0.090000 -0.034000 1.340000
2 15 0.115000 -0.030000 1.358200
2 16 0.115000 -0.030000 1.358200
2 17 0.115000 -0.030000 1.358200
2 18 0.115000 -0.030000 1.358200
2 19 0.430000 -0.046000 0.224500
2 20 0.310000 -0.046000 0.224500
3 0 -0.470000 -0.200000 1.850000
3 1 0.070000 -0.032000 2.000000
3 2 0.510000 -0.110000 2.000000
3 3 -0.510000 -0.120000 1.700000
3 4 -0.270000 -0.078000 2.040000
3 5 0.090000 -0.022000 1.320000
3 6 0.090000 -0.024000 1.340000
3 7 0.090000 -0.024000 1.340000
3 8 0.090000 -0.024000 1.340000
3 9 0.310000 -0.046000 0.224500
4 0 -0.470000 -0.200000 1.850000
4 1 0.070000 -0.032000 2.000000
4 2 0.510000 -0.110000 2.000000
4 3 -0.510000 -0.120000 1.700000
4 4 -0.180000 -0.056000 2.010000
4 5 -0.180000 -0.056000 2.010000
4 6 0.550000 -0.070000 2.000000
4 7 -0.550000 -0.120000 1.700000
4 8 -0.620000 -0.200000 1.850000
4 9 0.090000 -0.022000 1.320000
4 10 0.090000 -0.034000 1.340000
4 11 0.090000 -0.034000 1.340000
4 12 0.090000 -0.034000 1.340000
4 13 0.090000 -0.034000 1.340000
4 14 0.320000 -0.046000 0.224500
4 15 0.300000 -0.046000 0.224500
4 16 0.310000 -0.046000 0.224500
5 0 -0.470000 -0.200000 1.850000
5 1 0.070000 -0.032000 2.000000
5 2 0.510000 -0.110000 2.000000
5 3 -0.510000 -0.120000 1.700000
5 4 -0.180000 -0.056000 2.010000
5 5 -0.030000 -0.073000 1.990000
5 6 0.035000 -0.070000 1.992400
5 7 -0.020000 -0.099000 1.860000
5 8 -0.610000 -0.200000 1.850000
5 9 0.130000 -0.099000 1.860000
5 10 -0.115000 -0.070000 1.992400
5 11 -0.115000 -0.070000 1.992400
5 12 -0.115000 -0.070000 1.992400
5 13 -0.115000 -0.070000 1.992400
5 14 0.090000 -0.022000 1.320000
5 15 0.090000 -0.034000 1.340000
5 16 0.090000 -0.034000 1.340000
5 17 0.115000 -0.030000 1.358200
5 18 0.380000 -0.046000 0.224500
5 19 0.115000 -0.030000 1.358200
5 20 0.115000 -0.030000 1.358200
5 21 0.115000 -0.030000 1.358200
5 22 0.115000 -0.030000 1.358200
5 23 0.310000 -0.046000 0.224500
6 0 -0.470000 -0.200000 1.850000
6 1 0.070000 -0.032000 2.000000
6 2 0.510000 -0.110000 2.000000
6 3 -0.510000 -0.120000 1.700000
6 4 -0.180000 -0.056000 2.010000
6 5 -0.090000 -0.032000 2.000000
6 6 -0.270000 -0.078000 2.040000
6 7 -0.270000 -0.078000 2.040000
6 8 0.090000 -0.022000 1.320000
6 9 0.090000 -0.034000 1.340000
6 10 0.090000 -0.034000 1.340000
6 11 0.090000 -0.045000 1.340000
6 12 0.090000 -0.024000 1.340000
6 13 0.090000 -0.024000 1.340000
6 14 0.090000 -0.024000 1.340000
6 15 0.090000 -0.024000 1.340000
6 16 0.090000 -0.024000 1.340000
6 17 0.090000 -0.024000 1.340000
6 18 0.310000 -0.046000 0.224500
7 0 -0.470000 -0.200000 1.850000
7 1 0.070000 -0.032000 2.000000
7 2 0.510000 -0.110000 2.000000
7 3 -0.510000 -0.120000 1.700000
7 4 -0.180000 -0.056000 2.010000
7 5 -0.180000 -0.056000 2.010000
7 6 -0.180000 -0.056000 2.010000
7 7 0.210000 -0.056000 2.010000
7 8 -0.300000 -0.200000 1.850000
7 9 0.090000 -0.022000 1.320000
7 10 0.090000 -0.034000 1.340000
7 11 0.090000 -0.034000 1.340000
7 12 0.090000 -0.034000 1.340000
7 13 0.090000 -0.034000 1.340000
7 14 0.090000 -0.034000 1.340000
7 15 0.090000 -0.034000 1.340000
7 16 0.050000 -0.034000 1.340000
7 17 0.050000 -0.034000 1.340000
7 18 0.330000 -0.046000 0.224500
7 19 0.330000 -0.046000 0.224500
7 20 0.330000 -0.046000 0.224500
7 21 0.310000 -0.046000 0.224500
8 0 -0.470000 -0.200000 1.850000
8 1 0.070000 -0.032000 2.000000
8 2 0.510000 -0.110000 2.000000
8 3 -0.510000 -0.120000 1.700000
8 4 -0.280000 -0.056000 2.010000
8 5 0.620000 -0.070000 2.000000
8 6 -0.760000 -0.120000 1.700000
8 7 -0.760000 -0.120000 1.700000
8 8 0.090000 -0.022000 1.320000
8 9 0.090000 -0.034000 1.340000
8 10 0.090000 -0.034000 1.340000
8 11 0.310000 -0.046000 0.224500
9 0 -0.470000 -0.200000 1.850000
9 1 -0.020000 -0.056000 2.010000
9 2 0.510000 -0.110000 2.000000
9 3 -0.510000 -0.120000 1.700000
9 4 0.090000 -0.028000 1.340000
9 5 0.090000 -0.028000 1.340000
9 6 0.310000 -0.046000 0.224500
10 0 -0.470000 -0.200000 1.850000
10 1 -0.020000 -0.056000 2.010000
10 2 0.510000 -0.110000 2.000000
10 3 -0.510000 -0.120000 1.700000
10 4 0.090000 -0.028000 1.340000
10 5 0.090000 -0.028000 1.340000
10 6 0.310000 -0.046000 0.224500
11 0 -0.290000 -0.200000 1.850000
11 1 0.020000 -0.020000 2.275000
11 2 0.510000 -0.110000 2.000000
11 3 -0.510000 -0.120000 1.700000
11 4 -0.180000 -0.055000 2.175000
11 5 -0.180000 -0.055000 2.175000
11 6 0.000000 -0.055000 2.175000
11 7 0.090000 -0.022000 1.320000
11 8 0.090000 -0.034000 1.340000
11 9 0.090000 -0.034000 1.340000
11 10 0.090000 -0.034000 1.340000
11 11 0.090000 -0.034000 1.340000
11 12 0.090000 -0.034000 1.340000
11 13 0.090000 -0.034000 1.340000
12 0 -0.470000 -0.200000 1.850000
12 1 0.070000 -0.032000 2.000000
12 2 0.510000 -0.110000 2.000000
12 3 -0.510000 -0.120000 1.700000
12 4 0.050000 -0.056000 2.010000
12 5 -0.660000 -0.152100 1.770000
12 6 0.090000 -0.022000 1.320000
12 7 0.090000 -0.034000 1.340000
12 8 0.090000 -0.034000 1.340000
12 9 0.430000 -0.046000 0.224500
12 10 0.310000 -0.046000 0.224500
13 0 -0.470000 -0.200000 1.850000
13 1 0.070000 -0.032000 2.000000
13 2 0.510000 -0.110000 2.000000
13 3 -0.510000 -0.120000 1.700000
13 4 0.050000 -0.056000 2.010000
13 5 -0.660000 -0.152100 1.770000
13 6 0.090000 -0.022000 1.320000
13 7 0.090000 -0.034000 1.340000
13 8 0.090000 -0.034000 1.340000
13 9 0.430000 -0.046000 0.224500
13 10 0.310000 -0.046000 0.224500
14 0 -0.470000 -0.200000 1.850000
14 1 -0.020000 -0.056000 2.010000
14 2 0.510000 -0.110000 2.000000
14 3 -0.510000 -0.120000 1.700000
14 4 0.090000 -0.028000 1.340000
14 5 0.090000 -0.028000 1.340000
14 6 0.310000 -0.046000 0.224500
15 0 -0.470000 -0.200000 1.850000
15 1 0.070000 -0.032000 2.000000
15 2 0.510000 -0.110000 2.000000
15 3 -0.510000 -0.120000 1.700000
15 4 -0.180000 -0.056000 2.010000
15 5 -0.180000 -0.056000 2.010000
15 6 0.200000 -0.056000 2.010000
15 7 -0.700000 -0.200000 1.850000
15 8 0.640000 -0.110000 2.000000
15 9 -0.800000 -0.200000 1.850000
15 10 -0.800000 -0.200000 1.850000
15 11 0.090000 -0.022000 1.320000
15 12 0.090000 -0.034000 1.340000
15 13 0.090000 -0.034000 1.340000
15 14 0.090000 -0.034000 1.340000
15 15 0.090000 -0.034000 1.340000
15 16 0.090000 -0.034000 1.340000
15 17 0.090000 -0.034000 1.340000
15 18 0.440000 -0.046000 0.224500
15 19 0.460000 -0.046000 0.224500
15 20 0.460000 -0.046000 0.224500
15 21 0.460000 -0.046000 0.224500
15 22 0.460000 -0.046000 0.224500
15 23 0.310000 -0.046000 0.224500
16 0 -0.290000 -0.200000 1.850000
16 1 0.020000 -0.020000 2.275000
16 2 0.510000 -0.110000 2.000000
16 3 -0.510000 -0.120000 1.700000
16 4 -0.180000 -0.055000 2.175000
16 5 -0.180000 -0.055000 2.175000
16 6 0.000000 -0.055000 2.175000
16 7 0.090000 -0.022000 1.320000
16 8 0.090000 -0.034000 1.340000
16 9 0.090000 -0.034000 1.340000
16 10 0.090000 -0.034000 1.340000
16 11 0.090000 -0.034000 1.340000
16 12 0.090000 -0.034000 1.340000
16 13 0.090000 -0.034000 1.340000
17 0 -0.290000 -0.200000 1.850000
17 1 0.020000 -0.020000 2.275000
17 2 0.510000 -0.110000 2.000000
17 3 -0.510000 -0.120000 1.700000
17 4 -0.180000 -0.055000 2.175000
17 5 -0.180000 -0.055000 2.175000
17 6 0.000000 -0.055000 2.175000
17 7 0.090000 -0.022000 1.320000
17 8 0.090000 -0.034000 1.340000
17 9 0.090000 -0.034000 1.340000
17 10 0.090000 -0.034000 1.340000
17 11 0.090000 -0.034000 1.340000
17 12 0.090000 -0.034000 1.340000
17 13 0.090000 -0.034000 1.340000
18 0 -0.290000 -0.200000 1.850000
18 1 0.020000 -0.020000 2.275000
18 2 0.510000 -0.110000 2.000000
18 3 -0.510000 -0.120000 1.700000
18 4 -0.180000 -0.055000 2.175000
18 5 -0.180000 -0.055000 2.175000
18 6 0.000000 -0.055000 2.175000
18 7 0.090000 -0.022000 1.320000
18 8 0.090000 -0.034000 1.340000
18 9 0.090000 -0.034000 1.340000
18 10 0.090000 -0.034000 1.340000
18 11 0.090000 -0.034000 1.340000
18 12 0.090000 -0.034000 1.340000
18 13 0.090000 -0.034000 1.340000
19 0 -0.470000 -0.200000 1.850000
19 1 0.070000 -0.032000 2.000000
19 2 0.340000 -0.070000 2.000000
19 3 -0.670000 -0.120000 1.700000
19 4 0.050000 -0.056000 2.010000
19 5 -0.660000 -0.152100 1.770000
19 6 0.090000 -0.022000 1.320000
19 7 0.090000 -0.034000 1.340000
19 8 0.090000 -0.034000 1.340000
19 9 0.430000 -0.046000 0.224500
19 10 0.310000 -0.046000 0.224500
19 11 -0.670000 -0.120000 1.700000
