R 4
0.734666 	 -1.093000 	 1.424000
0.579667 	 -0.063000 	 0.291000
1.535665 	 0.652000 	 -0.004000
-0.605334 	 0.053000 	 -0.327000
-0.948332 	 1.085000 	 -1.320000
-1.296332 	 -0.634000 	 -0.064000

0.807667 	 0.692167 	 -1.600500
-0.050333 	 -0.128833 	 -0.625500
-0.800333 	 -1.008833 	 -1.009500
0.068667 	 0.160167 	 0.642500
-0.710333 	 -0.583833 	 1.673500
0.684667 	 0.869167 	 0.919500

1.240667 	 -0.501667 	 -1.401833
-0.024333 	 -0.310667 	 -0.565834
-1.115333 	 -0.714667 	 -0.984833
0.052667 	 0.307333 	 0.605167
-1.103333 	 0.598333 	 1.424167
0.949667 	 0.621333 	 0.923167

1.272000 	 0.174000 	 -1.442499
0.018000 	 -0.155000 	 -0.636500
-0.958000 	 -0.693000 	 -1.152500
0.002000 	 0.156000 	 0.657500
-1.136000 	 -0.105000 	 1.525500
0.802000 	 0.623000 	 1.048500

N 5
-0.297000 	 1.244500 	 1.445500
-0.474000 	 0.146500 	 0.391500
-1.506000 	 -0.492500 	 0.319500
0.524000 	 -0.105500 	 -0.407500
0.394000 	 -1.188500 	 -1.422500
1.359000 	 0.395500 	 -0.326500

0.465167 	 1.118167 	 1.499500
-0.306833 	 0.431167 	 0.375500
-1.507833 	 0.656167 	 0.193500
0.339167 	 -0.447833 	 -0.393500
-0.301833 	 -1.190833 	 -1.456500
1.312167 	 -0.566833 	 -0.218500

1.211167 	 -1.325333 	 -0.682500
-0.048833 	 -0.568333 	 -0.298500
-1.168834 	 -1.034333 	 -0.492500
0.085167 	 0.602667 	 0.309500
-1.077833 	 1.398667 	 0.660500
0.999167 	 0.926667 	 0.503500

1.260666 	 -1.150333 	 0.857333
0.286667 	 -0.023333 	 0.583333
0.098667 	 0.828666 	 1.457333
-0.304333 	 0.002667 	 -0.598667
-1.183333 	 1.075667 	 -1.042667
-0.158333 	 -0.733333 	 -1.256667

-0.551501 	 -0.285167 	 -1.804500
-0.217501 	 0.382833 	 -0.474500
-0.358500 	 1.596834 	 -0.326500
0.227501 	 -0.416167 	 0.488500
0.581501 	 0.097833 	 1.806500
0.318500 	 -1.376167 	 0.310500

D 4
-1.373167 	 1.133500 	 0.732833
-0.487167 	 -0.074500 	 0.421833
-0.720167 	 -1.142500 	 0.979833
0.520834 	 0.086500 	 -0.440167
1.476834 	 -0.979500 	 -0.757167
0.582833 	 0.976500 	 -0.937167

1.199500 	 0.427333 	 1.431833
0.030500 	 -0.133667 	 0.623833
-0.826500 	 -0.822667 	 1.138833
-0.002500 	 0.160333 	 -0.648167
-1.105500 	 -0.349667 	 -1.506167
0.704500 	 0.718333 	 -1.040167

-0.182166 	 0.249167 	 1.918667
0.045833 	 0.464167 	 0.437667
0.355833 	 1.598167 	 0.036667
-0.062167 	 -0.532833 	 -0.430333
0.100833 	 -0.327833 	 -1.858333
-0.258167 	 -1.450833 	 -0.104333

-0.706500 	 -1.247667 	 -1.273167
0.208501 	 -0.252667 	 -0.558167
1.300500 	 0.049333 	 -1.038167
-0.238500 	 0.255333 	 0.587833
0.550500 	 1.213333 	 1.355833
-1.114499 	 -0.017667 	 0.925833

Q 1
-0.483166 	 1.611167 	 0.937333
-0.192166 	 0.137167 	 0.612333
-0.251166 	 -0.717833 	 1.498333
0.167833 	 -0.148833 	 -0.645667
0.535833 	 -1.490833 	 -1.087667
0.222833 	 0.609167 	 -1.314667

E 3
1.733167 	 -0.336333 	 0.771000
0.262167 	 -0.444333 	 0.366000
-0.422833 	 -1.373333 	 0.741000
-0.234833 	 0.493667 	 -0.392000
-1.668833 	 0.424666 	 -0.799000
0.331167 	 1.235667 	 -0.687000

-1.646833 	 -0.193833 	 -0.875666
-0.156833 	 0.020167 	 -0.642666
0.692166 	 0.188167 	 -1.539667
0.152167 	 -0.014833 	 0.644333
1.516167 	 0.172167 	 1.090333
-0.556833 	 -0.171833 	 1.323333

-0.430500 	 1.855167 	 -0.112167
0.126500 	 0.519167 	 0.366833
0.787500 	 0.445167 	 1.402833
-0.142500 	 -0.535833 	 -0.396167
0.332500 	 -1.870833 	 -0.051167
-0.673500 	 -0.412833 	 -1.210167

K 3
1.234167 	 1.396000 	 0.565667
0.472166 	 0.064000 	 0.446667
0.823166 	 -0.874000 	 1.159666
-0.524833 	 -0.049000 	 -0.451333
-1.295833 	 -1.292000 	 -0.677333
-0.708833 	 0.755000 	 -1.043333

1.448000 	 -0.462333 	 -1.175167
0.198000 	 -0.525333 	 -0.300167
-0.437000 	 -1.554333 	 -0.177167
-0.170000 	 0.571667 	 0.304833
-1.386000 	 0.575667 	 1.160833
0.347000 	 1.394667 	 0.186833

-1.145334 	 1.339167 	 -0.752333
-0.025333 	 0.647167 	 0.023667
0.789668 	 1.306167 	 0.668667
0.011666 	 -0.682833 	 -0.038333
1.031666 	 -1.451833 	 0.660667
-0.662334 	 -1.157833 	 -0.562333

C 6
-1.852333 	 -0.468167 	 -0.006833
-0.531333 	 0.214833 	 0.315167
-0.501333 	 1.131833 	 1.150167
0.538667 	 -0.207167 	 -0.325833
1.903667 	 0.294833 	 -0.156833
0.442667 	 -0.966167 	 -0.975834

-0.818500 	 -0.828500 	 1.536667
-0.263500 	 -0.558500 	 0.146667
-0.392500 	 -1.482500 	 -0.676333
0.302500 	 0.611500 	 -0.132334
0.809500 	 0.964500 	 -1.459333
0.362500 	 1.293500 	 0.584666

0.361833 	 1.823833 	 0.534166
-0.330167 	 0.558833 	 -0.008833
-1.503167 	 0.614834 	 -0.394833
0.352833 	 -0.559167 	 -0.021834
-0.194167 	 -1.870167 	 -0.394833
1.312833 	 -0.568167 	 0.286167

-0.769166 	 -1.731833 	 -0.479667
0.088833 	 -0.472833 	 -0.427667
1.021833 	 -0.332833 	 -1.224666
-0.139167 	 0.473167 	 0.477334
0.677833 	 1.693167 	 0.531333
-0.880166 	 0.371167 	 1.123334

0.747167 	 -0.334333 	 -1.754500
0.531167 	 -0.261333 	 -0.251500
1.345167 	 -0.758333 	 0.521500
-0.549833 	 0.331667 	 0.228500
-0.894833 	 0.253667 	 1.653500
-1.178833 	 0.768667 	 -0.397501

-0.802833 	 -0.230000 	 1.741333
-0.062833 	 -0.477000 	 0.439333
0.392167 	 -1.603000 	 0.174333
0.080167 	 0.520000 	 -0.418667
0.739167 	 0.385000 	 -1.714667
-0.345833 	 1.405000 	 -0.221667

G 8
-0.942166 	 0.000333 	 -1.710833
-0.048167 	 -0.401667 	 -0.516833
0.522834 	 -1.488667 	 -0.545833
0.076833 	 0.439333 	 0.524167
0.917834 	 0.195333 	 1.706167
-0.527167 	 1.255333 	 0.543167

-1.142499 	 -1.552667 	 0.173833
-0.003499 	 -0.543667 	 0.384833
0.855500 	 -0.774667 	 1.243833
0.019499 	 0.553333 	 -0.386167
0.992499 	 1.645333 	 -0.344167
-0.721500 	 0.672333 	 -1.072167

-1.653667 	 -0.898833 	 0.414333
-0.391666 	 -0.428833 	 -0.314667
-0.195667 	 -0.768833 	 -1.477667
0.417332 	 0.430167 	 0.320333
1.658333 	 1.001167 	 -0.215667
0.165333 	 0.665167 	 1.273333

0.521833 	 0.453500 	 -1.793500
-0.040167 	 -0.273500 	 -0.571500
-0.566167 	 -1.363500 	 -0.674500
0.064833 	 0.321500 	 0.584500
-0.471167 	 -0.341500 	 1.808500
0.490833 	 1.203500 	 0.646500

0.131166 	 1.467667 	 -1.242666
-0.339833 	 0.231667 	 -0.467667
-1.438834 	 -0.237333 	 -0.814667
0.403167 	 -0.238333 	 0.507334
-0.038834 	 -1.390333 	 1.294333
1.283167 	 0.166667 	 0.723333

-1.284167 	 1.142333 	 -0.876334
-0.022167 	 0.590333 	 -0.205333
0.894833 	 1.415333 	 -0.041333
0.020833 	 -0.661667 	 0.194667
1.125833 	 -1.211667 	 0.951667
-0.735167 	 -1.274667 	 -0.023334

-0.825000 	 -0.985666 	 -1.428000
-0.601000 	 -0.171667 	 -0.153000
-1.548000 	 0.135333 	 0.583000
0.634000 	 0.171333 	 0.136000
0.956000 	 0.939334 	 1.328000
1.384000 	 -0.088667 	 -0.466000

-1.357334 	 -1.272333 	 0.382833
-0.638333 	 -0.035333 	 -0.128167
-1.209333 	 0.833667 	 -0.800167
0.670667 	 0.033667 	 0.134833
1.466667 	 1.194667 	 -0.199167
1.067667 	 -0.754333 	 0.609833

P 9
-1.839000 	 0.513400 	 -0.250200
-0.379001 	 0.039400 	 -0.258200
0.054002 	 -0.518600 	 -1.270200
0.391000 	 0.222400 	 0.838800
1.773000 	 -0.256600 	 0.939800

-0.461198 	 -1.816800 	 -0.475800
-0.208200 	 -0.398800 	 0.081200
-0.721201 	 -0.092800 	 1.160200
0.562800 	 0.469200 	 -0.606800
0.827799 	 1.839200 	 -0.158800

1.492399 	 -1.058800 	 -0.622600
0.201398 	 -0.272800 	 -0.303600
-0.707598 	 -0.261800 	 -1.137600
0.086401 	 0.381200 	 0.871400
-1.072600 	 1.212200 	 1.192400

0.412800 	 -1.491400 	 1.140400
0.307801 	 -0.267400 	 0.212400
1.326802 	 0.357600 	 -0.088600
-0.910202 	 0.106600 	 -0.224600
-1.137201 	 1.294600 	 -1.039600

-1.887600 	 -0.131600 	 0.279000
-0.373600 	 0.101400 	 0.253000
0.243400 	 0.579400 	 1.199000
0.277400 	 -0.300600 	 -0.842000
1.740400 	 -0.248600 	 -0.889000

1.473200 	 0.798800 	 0.949600
0.202200 	 0.237800 	 0.321601
-0.866800 	 0.517800 	 0.860599
0.217200 	 -0.495200 	 -0.805400
-1.025801 	 -1.059200 	 -1.326400

-0.492000 	 1.200800 	 -1.414199
-0.044000 	 0.405800 	 -0.204200
0.425000 	 0.979800 	 0.784800
-0.175000 	 -0.925200 	 -0.168200
0.286000 	 -1.661200 	 1.001800

1.328400 	 0.396800 	 -1.322000
0.193400 	 0.289800 	 -0.307000
-0.616600 	 1.191800 	 -0.125000
0.075400 	 -0.858200 	 0.370000
-0.980600 	 -1.020200 	 1.384000

-1.862200 	 0.304600 	 -0.028800
-0.359200 	 0.206600 	 0.157200
0.174800 	 0.859600 	 1.059200
0.303800 	 -0.612400 	 -0.664800
1.742800 	 -0.758400 	 -0.522800

S 7
0.348998 	 1.892167 	 0.146333
0.510002 	 0.393167 	 -0.143667
1.541999 	 -0.015833 	 -0.669667
-0.517998 	 -0.412834 	 0.158333
-0.529999 	 -1.871833 	 -0.029666
-1.353001 	 0.015167 	 0.538333

0.132001 	 0.005167 	 1.908667
0.330999 	 -0.381833 	 0.440667
1.004999 	 -1.358833 	 0.131667
-0.276999 	 0.398166 	 -0.457333
-0.331000 	 0.181166 	 -1.901333
-0.859999 	 1.156167 	 -0.122333

-0.517334 	 -1.709000 	 -0.720333
-0.472334 	 -0.438000 	 0.144667
-1.321333 	 -0.254000 	 1.015667
0.519667 	 0.427000 	 -0.096333
0.597666 	 1.788000 	 0.461667
1.193667 	 0.186000 	 -0.805333

-0.731667 	 1.755000 	 0.292500
-0.573667 	 0.249000 	 0.110500
-1.531666 	 -0.495000 	 0.189500
0.622333 	 -0.216000 	 -0.122500
0.819333 	 -1.681000 	 -0.293500
1.395333 	 0.388000 	 -0.176500

-0.245500 	 -1.880833 	 0.392500
0.339500 	 -0.506833 	 0.188500
1.570500 	 -0.356833 	 0.351500
-0.403500 	 0.504167 	 -0.185500
0.114500 	 1.855167 	 -0.367500
-1.375500 	 0.385167 	 -0.379500

0.693000 	 -1.561667 	 0.967500
-0.222000 	 -0.526667 	 0.298500
-1.444000 	 -0.688667 	 0.367500
0.290000 	 0.534333 	 -0.319500
-0.577000 	 1.501334 	 -0.981500
1.260000 	 0.741333 	 -0.332500

-1.427500 	 0.909000 	 -0.884833
-0.087500 	 0.602000 	 -0.222833
0.778501 	 1.471000 	 -0.120833
0.075500 	 -0.638000 	 0.228167
1.311500 	 -1.057000 	 0.881167
-0.650500 	 -1.287000 	 0.119167

T 5
-0.846333 	 -0.615833 	 1.594667
-0.054333 	 -0.567833 	 0.293667
0.434666 	 -1.620833 	 -0.111333
0.042667 	 0.607167 	 -0.299333
0.816667 	 0.784167 	 -1.532333
-0.393333 	 1.413167 	 0.054667

-1.239501 	 1.278167 	 0.693500
-0.511500 	 -0.021833 	 0.394500
-0.903500 	 -1.043833 	 0.974500
0.530500 	 0.029167 	 -0.425501
1.300500 	 -1.149833 	 -0.844499
0.823500 	 0.908167 	 -0.792499

-0.676000 	 0.944167 	 1.546500
0.189000 	 0.431167 	 0.415500
1.339000 	 0.875167 	 0.314500
-0.270000 	 -0.480833 	 -0.439499
0.602000 	 -0.929833 	 -1.505501
-1.184000 	 -0.839833 	 -0.331499

-1.137333 	 -1.108667 	 -1.083167
-0.048333 	 -0.140667 	 -0.634166
0.680667 	 0.416333 	 -1.442167
0.079667 	 0.094333 	 0.661833
0.935667 	 1.131333 	 1.201832
-0.510333 	 -0.392667 	 1.295834

-1.931667 	 -0.250833 	 0.096167
-0.539667 	 0.356167 	 0.026167
-0.431667 	 1.591167 	 -0.050833
0.528333 	 -0.412833 	 -0.002833
1.875333 	 0.135167 	 0.022167
0.499333 	 -1.418833 	 -0.090833

W 3
-1.806334 	 0.043833 	 -0.691000
-0.492333 	 -0.435167 	 -0.054000
-0.437332 	 -1.555167 	 0.441000
0.526666 	 0.433833 	 0.028000
1.808666 	 0.172833 	 0.694000
0.400667 	 1.339833 	 -0.418000

-1.404167 	 -0.504000 	 1.188833
-0.024166 	 -0.300000 	 0.570833
0.989834 	 -0.694000 	 1.147833
0.007833 	 0.317000 	 -0.601167
1.262833 	 0.575000 	 -1.299167
-0.832167 	 0.606000 	 -1.007167

-0.345333 	 -1.879167 	 -0.013500
0.238666 	 -0.504167 	 -0.327500
1.125667 	 -0.375167 	 -1.171500
-0.262333 	 0.519833 	 0.354500
0.210666 	 1.883833 	 0.145500
-0.967333 	 0.354833 	 1.012500

Y 3
-0.370667 	 -0.169500 	 -1.905000
-0.030666 	 -0.486500 	 -0.437000
0.146334 	 -1.654500 	 -0.104000
0.018333 	 0.520500 	 0.453000
0.352333 	 0.326500 	 1.874000
-0.115667 	 1.463500 	 0.119000

0.159667 	 -1.617167 	 1.091000
0.402667 	 -0.501167 	 0.086000
1.416667 	 -0.467167 	 -0.621000
-0.457333 	 0.486833 	 -0.063000
-0.266333 	 1.568833 	 -1.024000
-1.255333 	 0.529833 	 0.531000

1.900000 	 -0.287333 	 0.282000
0.548000 	 -0.017333 	 -0.352000
0.524000 	 0.182667 	 -1.581000
-0.564000 	 -0.001333 	 0.383000
-1.894000 	 0.408667 	 -0.069000
-0.514000 	 -0.285333 	 1.337000

I 4
1.081667 	 -1.577167 	 -0.128000
-0.109333 	 -0.629167 	 -0.057000
-1.254333 	 -1.077167 	 -0.127000
0.133667 	 0.659833 	 0.060000
-0.938333 	 1.646833 	 0.103000
1.086667 	 0.976834 	 0.149000

0.473667 	 1.581667 	 -0.965000
0.026667 	 0.166667 	 -0.627000
-0.273333 	 -0.635333 	 -1.508000
-0.039333 	 -0.160333 	 0.659000
-0.360333 	 -1.505333 	 1.127000
0.172667 	 0.552667 	 1.314000

1.400167 	 0.447500 	 -1.206333
0.333167 	 0.553500 	 -0.117333
0.117167 	 1.620500 	 0.443667
-0.338833 	 -0.565500 	 0.129666
-1.348833 	 -0.668500 	 1.157667
-0.162833 	 -1.387500 	 -0.407333

-0.440000 	 0.872000 	 -1.644333
-0.000000 	 -0.159000 	 -0.622334
0.318000 	 -1.276000 	 -1.015333
0.010000 	 0.198000 	 0.648667
0.410000 	 -0.733000 	 1.705667
-0.298000 	 1.098000 	 0.927667

L 9
0.623499 	 0.324333 	 -1.788667
0.432499 	 -0.290667 	 -0.395667
1.003500 	 -1.341667 	 -0.102667
-0.419500 	 0.327333 	 0.434333
-0.802499 	 -0.217667 	 1.737333
-0.837499 	 1.198333 	 0.115333

-0.401333 	 1.467833 	 -1.171333
-0.443333 	 0.125833 	 -0.440333
-1.314333 	 -0.694167 	 -0.664333
0.487667 	 -0.099167 	 0.448667
0.495667 	 -1.380167 	 1.205667
1.175667 	 0.579833 	 0.621667

-1.530000 	 1.159333 	 -0.174167
-0.532000 	 0.116333 	 0.330833
-0.721000 	 -0.480667 	 1.372833
0.541000 	 -0.100667 	 -0.386167
1.558000 	 -1.094667 	 0.072833
0.684000 	 0.400333 	 -1.216167

1.133500 	 -1.523167 	 0.465666
-0.031500 	 -0.564167 	 0.286667
-1.153500 	 -0.905167 	 0.706667
0.091500 	 0.597833 	 -0.328333
-1.013500 	 1.532833 	 -0.406333
0.973500 	 0.861833 	 -0.724333

0.036000 	 -0.646333 	 1.816833
0.421000 	 -0.278333 	 0.392833
1.585000 	 -0.455333 	 0.003833
-0.491000 	 0.272667 	 -0.375166
-0.128000 	 0.682667 	 -1.748167
-1.423000 	 0.424667 	 -0.090166

0.948167 	 1.543167 	 0.602667
0.403167 	 0.122167 	 0.491667
0.725166 	 -0.741833 	 1.307667
-0.422833 	 -0.111833 	 -0.522333
-1.011833 	 -1.428833 	 -0.740333
-0.641833 	 0.617167 	 -1.139333

-1.342833 	 0.609833 	 1.210667
-0.630833 	 -0.124167 	 0.079667
-1.240834 	 -0.913167 	 -0.642333
0.663167 	 0.141833 	 -0.070333
1.458167 	 -0.494167 	 -1.114333
1.093167 	 0.779833 	 0.536667

-1.667500 	 -0.159500 	 0.915500
-0.207500 	 -0.339500 	 0.511500
0.529500 	 -1.101500 	 1.136500
0.202500 	 0.365500 	 -0.539500
1.575500 	 0.281500 	 -1.027500
-0.432500 	 0.953500 	 -0.996500

-1.003334 	 0.067667 	 1.625667
0.148667 	 -0.033333 	 0.628667
1.307667 	 -0.169333 	 1.018667
-0.175333 	 0.034667 	 -0.658333
0.836666 	 -0.046333 	 -1.706333
-1.114334 	 0.146667 	 -0.908333

V 2
0.528833 	 0.018333 	 1.842500
-0.304167 	 0.019333 	 0.581500
-1.542167 	 0.034333 	 0.627500
0.343833 	 -0.013667 	 -0.585500
-0.361167 	 -0.032667 	 -1.868500
1.334833 	 -0.025667 	 -0.597500

0.591000 	 -0.583833 	 1.769667
-0.256000 	 -0.167833 	 0.574667
-1.497000 	 -0.114833 	 0.667666
0.298000 	 0.169167 	 -0.581333
-0.433000 	 0.485167 	 -1.804334
1.297000 	 0.212167 	 -0.626333

F 2
-0.835667 	 -1.288000 	 -1.152167
0.148333 	 -0.584000 	 -0.217167
1.204333 	 -1.096000 	 0.095833
-0.189667 	 0.601000 	 0.216833
0.714333 	 1.371000 	 1.119833
-1.041667 	 0.996000 	 -0.063167

0.918667 	 1.269166 	 -1.138000
-0.114333 	 0.314167 	 -0.573000
-1.194334 	 0.114167 	 -1.122000
0.159667 	 -0.307833 	 0.566000
-0.793334 	 -1.214833 	 1.229000
1.023667 	 -0.174833 	 1.038000

A 8
-1.536667 	 1.102000 	 0.160167
-0.629667 	 -0.113000 	 0.175167
-1.041668 	 -1.194000 	 0.589167
0.625334 	 0.096000 	 -0.231833
1.685334 	 -0.898000 	 -0.117833
0.897333 	 1.007000 	 -0.574833

1.657166 	 0.820833 	 -0.542667
0.628167 	 -0.063167 	 0.181333
0.989167 	 -0.920167 	 0.989333
-0.658834 	 0.102833 	 -0.149667
-1.728833 	 -0.758167 	 0.344333
-0.886834 	 0.817833 	 -0.822667

0.728500 	 1.777833 	 -0.164666
-0.200500 	 0.573833 	 -0.227667
-1.356500 	 0.660833 	 -0.676666
0.245500 	 -0.576167 	 0.237333
-0.575500 	 -1.788167 	 0.210334
1.158500 	 -0.648167 	 0.621333

-0.803500 	 1.598833 	 0.756166
0.158500 	 0.628833 	 0.077167
1.280500 	 1.021833 	 -0.250834
-0.216500 	 -0.643167 	 -0.114833
0.674500 	 -1.628167 	 -0.700833
-1.093500 	 -0.978167 	 0.233167

-1.450500 	 0.871167 	 -0.910334
-0.058500 	 0.515167 	 -0.396333
0.893500 	 1.250167 	 -0.644333
0.059500 	 -0.572833 	 0.377667
1.329500 	 -1.022833 	 0.912667
-0.773500 	 -1.040833 	 0.660667

-0.158667 	 -1.880333 	 -0.211000
-0.261666 	 -0.382333 	 -0.460000
-0.834666 	 0.034667 	 -1.454000
0.280333 	 0.404667 	 0.463000
0.230333 	 1.846667 	 0.426000
0.744333 	 -0.023333 	 1.236000

0.108333 	 -1.579000 	 -1.062333
-0.405667 	 -0.515000 	 -0.071333
-1.436667 	 -0.662000 	 0.573667
0.373333 	 0.531000 	 0.051667
0.249333 	 1.543000 	 1.111667
1.111333 	 0.682000 	 -0.603333

-0.403834 	 -1.564667 	 -1.031000
0.299167 	 -0.325667 	 -0.473000
1.392168 	 0.027333 	 -0.916000
-0.330834 	 0.331333 	 0.499000
0.242166 	 1.525333 	 1.107000
-1.198834 	 0.006333 	 0.814000

