R 0 4
0.381999 	 -1.038000 	 0.955800
0.039001 	 -0.006000 	 -0.037200
0.291999 	 1.412000 	 0.519800
-1.404000 	 -0.197000 	 -0.547200
0.691001 	 -0.171000 	 -0.891200

0.814600 	 0.665400 	 -1.033200
0.035600 	 -0.078600 	 -0.002200
-1.435400 	 -0.186600 	 -0.407200
0.137600 	 0.667400 	 1.331800
0.447600 	 -1.067600 	 0.110800

1.122200 	 -0.381600 	 -0.822200
-0.033800 	 -0.090600 	 -0.003200
-0.948800 	 0.944400 	 -0.672200
0.401200 	 0.446400 	 1.366800
-0.540800 	 -0.918600 	 0.130800

1.127400 	 0.190600 	 -0.916800
-0.010600 	 -0.070400 	 -0.048800
-1.175600 	 0.888600 	 -0.227800
0.394400 	 -0.035400 	 1.441200
-0.335600 	 -0.973400 	 -0.247800

R 1 4
1.424401 	 0.183400 	 0.440200
-0.018600 	 -0.007600 	 -0.069800
-1.104598 	 0.025400 	 1.021200
-0.244601 	 0.766400 	 -0.805800
-0.056602 	 -0.967600 	 -0.585800

-0.062800 	 -0.653000 	 -1.321200
0.039200 	 0.093000 	 0.012800
-0.525800 	 -0.775000 	 1.140800
1.075200 	 0.324000 	 0.218800
-0.525800 	 1.011000 	 -0.051200

-0.337200 	 -0.534200 	 -1.338400
0.097800 	 0.002800 	 0.031600
-1.051200 	 0.500800 	 0.906600
0.567800 	 -0.701200 	 0.505600
0.722800 	 0.731800 	 -0.105400

-0.440400 	 0.046000 	 -1.410400
-0.035400 	 0.081000 	 0.079600
0.898600 	 -1.077000 	 0.427600
0.408600 	 0.921000 	 0.272600
-0.831400 	 0.029000 	 0.630600

R 2 4
1.092599 	 0.017000 	 -1.023400
0.006601 	 0.050000 	 0.067600
-1.178400 	 -0.864000 	 -0.261400
0.423601 	 -0.270000 	 1.018600
-0.344401 	 1.067000 	 0.198600

0.510800 	 0.780600 	 -1.141800
-0.054200 	 -0.087400 	 -0.013800
0.313800 	 0.525600 	 1.341200
-1.129200 	 -0.137400 	 -0.104800
0.358800 	 -1.081400 	 -0.080800

1.135800 	 -0.404400 	 -0.852600
-0.013200 	 0.093600 	 0.022400
-0.952200 	 -0.986400 	 0.529400
0.360800 	 0.559600 	 0.786400
-0.531200 	 0.737600 	 -0.485600

-0.809400 	 1.167000 	 -0.341800
0.124600 	 0.009000 	 0.006200
-0.699400 	 -1.262000 	 0.265200
0.742600 	 -0.145000 	 -0.725800
0.641600 	 0.231000 	 0.796200

R 3 4
1.171201 	 0.841400 	 0.343200
-0.013800 	 -0.072600 	 0.014200
-0.980801 	 0.538400 	 -0.918800
0.365200 	 -1.015600 	 -0.382800
-0.541800 	 -0.291600 	 0.944200

-0.342800 	 -0.658800 	 -1.270800
0.025200 	 -0.045800 	 0.084200
-0.046800 	 1.441200 	 -0.001800
-0.664800 	 -0.397800 	 0.837200
1.029200 	 -0.338800 	 0.351200

0.826200 	 1.062400 	 -0.530600
-0.112800 	 -0.017600 	 -0.023600
0.607200 	 -0.907600 	 0.887400
-0.860800 	 0.389400 	 0.439400
-0.459800 	 -0.526600 	 -0.772600

0.811400 	 1.182200 	 -0.319600
-0.012600 	 -0.088800 	 -0.060600
-0.716600 	 -0.033800 	 1.223400
-0.659600 	 -0.200800 	 -0.774600
0.577400 	 -0.858800 	 -0.068600

R 4 4
1.981700 	 0.077800 	 1.367500
1.014699 	 0.688800 	 0.434500
0.022701 	 0.024800 	 -0.147500
0.064701 	 -1.277200 	 -0.282500
-1.054301 	 0.648800 	 -0.552500
0.917699 	 1.687800 	 0.462500
0.911701 	 -1.747200 	 -0.037500
-0.813300 	 -1.795200 	 -0.102500
-1.193301 	 1.627800 	 -0.391500
-1.852299 	 0.063800 	 -0.750500

0.112100 	 -2.156600 	 -1.008200
0.040100 	 -0.669600 	 -1.094200
-0.002900 	 0.049400 	 -0.005200
0.004100 	 -0.532600 	 1.164800
-0.051900 	 1.350400 	 -0.083200
0.030100 	 -0.230600 	 -1.967200
0.041100 	 -1.528600 	 1.226800
-0.029900 	 0.019400 	 1.996800
-0.057900 	 1.797400 	 -0.979200
-0.084900 	 1.901400 	 0.748800

-0.189300 	 1.916900 	 -1.454800
0.530700 	 1.026900 	 -0.543800
0.008700 	 -0.045100 	 0.033200
-1.257300 	 -0.338100 	 -0.207800
0.774700 	 -0.771100 	 0.835200
1.495700 	 1.224900 	 -0.331800
-1.798300 	 0.231900 	 -0.808800
-1.676300 	 -1.131100 	 0.207200
1.729700 	 -0.529100 	 0.991200
0.381700 	 -1.586100 	 1.280200

1.803000 	 0.621000 	 -1.537000
1.099000 	 0.676000 	 -0.253000
-0.023000 	 0.002000 	 0.029000
-0.616000 	 -0.787000 	 -0.861000
-0.551000 	 0.130000 	 1.252000
1.516000 	 1.240000 	 0.452000
-0.283000 	 -0.941000 	 -1.790000
-1.461000 	 -1.280000 	 -0.645000
-0.095000 	 0.713000 	 1.916000
-1.389000 	 -0.374000 	 1.437000

N 0 5
0.056000 	 1.101200 	 0.968400
-0.074000 	 0.018200 	 -0.046600
-0.116000 	 -1.323800 	 0.684400
1.124000 	 0.049200 	 -1.000600
-0.990000 	 0.155200 	 -0.605600

0.591400 	 0.813000 	 1.013601
-0.049600 	 0.070000 	 -0.049400
-1.082600 	 -0.885000 	 0.515600
1.033400 	 -0.696000 	 -0.823400
-0.492600 	 0.698000 	 -0.656400

1.121400 	 -0.858800 	 -0.319800
-0.041600 	 -0.062800 	 0.031200
-0.888600 	 0.353200 	 -1.163800
0.414400 	 1.174200 	 0.832200
-0.605600 	 -0.605800 	 0.620200

0.879800 	 -1.036800 	 0.528000
0.000800 	 0.036200 	 0.084000
-1.434200 	 -0.393800 	 -0.187000
0.567800 	 0.669200 	 -1.205000
-0.014200 	 0.725200 	 0.780000

-0.304799 	 -0.466000 	 -1.338400
0.049201 	 0.048000 	 -0.020400
0.655200 	 -1.050000 	 0.847600
-1.182800 	 0.639000 	 0.667600
0.783198 	 0.829000 	 -0.156400

N 1 5
-1.108400 	 0.019400 	 0.971400
0.089600 	 0.050400 	 0.017400
-0.229400 	 -0.774600 	 -1.230600
0.295600 	 1.072400 	 -0.267600
0.952600 	 -0.367600 	 0.509400

-1.051600 	 0.649800 	 0.789400
0.031400 	 -0.116200 	 0.015400
0.685400 	 0.791800 	 -1.002600
0.701400 	 -0.448200 	 0.633400
-0.366600 	 -0.877200 	 -0.435600

-0.452400 	 -1.122200 	 -0.842000
0.003600 	 0.114800 	 -0.040999
0.419600 	 -0.287200 	 1.372000
0.751600 	 0.536800 	 -0.493000
-0.722400 	 0.757800 	 0.004000

-0.627000 	 -0.617400 	 1.175000
-0.060000 	 0.015600 	 -0.114000
1.367000 	 0.448600 	 0.147000
-0.083000 	 -0.629400 	 -0.838000
-0.597000 	 0.782600 	 -0.370000

1.151001 	 -0.627400 	 -0.693400
-0.081000 	 -0.036400 	 -0.005400
0.239999 	 1.227600 	 0.768600
-0.824000 	 0.200600 	 -0.751400
-0.486000 	 -0.764400 	 0.681600

N 2 5
0.168833 	 0.570167 	 1.759500
-0.150167 	 -0.254833 	 0.511500
-0.672167 	 -1.347833 	 0.608500
0.144833 	 0.223167 	 -0.665500
0.565833 	 1.105167 	 -0.743500
-0.057167 	 -0.295833 	 -1.470500

-1.216500 	 -0.720833 	 1.148499
-0.562500 	 0.187167 	 0.130500
-1.083500 	 1.172167 	 -0.363500
0.655500 	 -0.155833 	 -0.249499
1.064500 	 -0.938833 	 0.189500
1.142500 	 0.456167 	 -0.855500

-0.777833 	 -0.010833 	 -1.679333
-0.361833 	 -0.412833 	 -0.266334
-0.752833 	 -1.475833 	 0.224666
0.405167 	 0.443167 	 0.410666
0.800167 	 1.242167 	 -0.026333
0.687166 	 0.214167 	 1.336667

-1.419667 	 -0.891167 	 -0.656666
0.007333 	 -0.458167 	 -0.395667
0.952334 	 -1.022167 	 -0.945667
0.113333 	 0.582833 	 0.417333
-0.676667 	 0.962833 	 0.861333
1.023333 	 0.825833 	 0.719333

-0.831499 	 -1.208667 	 -1.078833
-0.510500 	 0.055333 	 -0.304833
-1.259501 	 1.031333 	 -0.350833
0.607502 	 0.043333 	 0.411167
1.155498 	 -0.768667 	 0.401167
0.838501 	 0.847333 	 0.922167

D 0 5
-1.260799 	 -0.197000 	 -0.743000
0.021200 	 0.031000 	 -0.044000
0.928200 	 -1.184000 	 -0.029000
-0.240801 	 0.521000 	 1.380000
0.552200 	 0.829000 	 -0.564000

-1.006799 	 1.026000 	 0.312000
-0.050800 	 -0.040000 	 -0.005000
0.843199 	 -0.442000 	 1.189000
0.817200 	 0.391000 	 -1.199000
-0.602800 	 -0.935000 	 -0.297000

1.031600 	 0.531000 	 0.900600
-0.071400 	 0.021000 	 0.042600
0.086600 	 -1.485000 	 -0.139400
-0.027400 	 0.715000 	 -1.320400
-1.019400 	 0.218000 	 0.516600

-0.123200 	 -0.138800 	 1.416800
0.039800 	 0.066200 	 -0.011200
-1.312200 	 0.336200 	 -0.645200
0.803800 	 -1.129800 	 -0.625200
0.591800 	 0.866200 	 -0.135200

-0.763200 	 -0.921400 	 -0.823400
0.025800 	 0.036600 	 -0.055400
1.145800 	 -0.655400 	 0.720600
-0.875200 	 0.808600 	 0.910600
0.466800 	 0.731600 	 -0.752400

D 1 5
0.267200 	 -0.548800 	 -1.329200
0.005199 	 -0.058800 	 0.094800
-0.332800 	 1.418200 	 -0.014200
-0.831800 	 -0.605800 	 0.534800
0.892200 	 -0.204800 	 0.713800

-0.795600 	 -0.404600 	 1.202400
0.072400 	 0.026400 	 0.008400
-0.674600 	 0.004400 	 -1.332600
0.474400 	 1.025400 	 0.190400
0.923400 	 -0.651600 	 -0.068600

-0.024800 	 -0.740800 	 1.272200
0.019200 	 -0.046800 	 -0.090800
-0.268800 	 1.444200 	 0.087200
0.999200 	 -0.175800 	 -0.527800
-0.724800 	 -0.480800 	 -0.740800

-0.676400 	 1.200800 	 0.565400
0.087600 	 0.004800 	 -0.048600
-0.586400 	 -1.337200 	 0.127400
0.205600 	 0.168800 	 -0.997600
0.969600 	 -0.037200 	 0.353400

0.889400 	 -0.684600 	 -0.969200
-0.011599 	 0.087400 	 -0.003200
-0.679601 	 -0.816600 	 1.012800
0.582401 	 0.817400 	 0.526800
-0.780600 	 0.596400 	 -0.567200

D 2 5
0.300250 	 -1.373250 	 0.136750
-0.037750 	 0.103750 	 0.027750
-1.017749 	 0.355750 	 -0.709250
0.755250 	 0.913750 	 0.544750

0.668500 	 0.002750 	 1.287250
-0.078500 	 -0.019250 	 -0.053750
-0.749499 	 0.977750 	 -0.388750
0.159499 	 -0.961250 	 -0.844750

0.270500 	 -1.397500 	 -0.167000
-0.017500 	 0.093500 	 0.011000
-0.691500 	 0.435500 	 0.970000
0.438500 	 0.868500 	 -0.814000

0.636250 	 1.276000 	 -0.167250
-0.037750 	 -0.066000 	 0.008750
-0.704750 	 -0.263000 	 1.028750
0.106250 	 -0.947000 	 -0.870250

0.632001 	 0.855250 	 -0.961250
-0.036000 	 -0.048750 	 0.054750
-0.168000 	 -1.259750 	 -0.223250
-0.428000 	 0.453250 	 1.129750

Q 0 1
-0.405201 	 1.311000 	 0.464800
-0.037201 	 -0.031000 	 0.022800
1.276801 	 -0.510000 	 0.659800
-0.007200 	 -0.074000 	 -1.512200
-0.827200 	 -0.696000 	 0.364800

Q 1 1
-0.001400 	 0.110200 	 1.486000
0.028600 	 0.067200 	 -0.049000
-0.337399 	 -1.327800 	 -0.589000
-0.699400 	 0.787200 	 -0.426000
1.009599 	 0.363200 	 -0.422000

Q 2 1
0.390600 	 1.320800 	 0.581800
0.024601 	 -0.074200 	 0.041800
-0.753401 	 0.022800 	 -1.266200
0.933599 	 -0.655200 	 -0.115200
-0.595400 	 -0.614200 	 0.757800

Q 3 1
1.347001 	 -0.278667 	 1.247667
0.568999 	 -0.181667 	 -0.060333
1.079000 	 -0.434667 	 -1.138333
-0.693000 	 0.209333 	 -0.007333
-1.148000 	 0.436333 	 0.858666
-1.154000 	 0.249333 	 -0.900333

E 0 4
1.392800 	 0.058200 	 0.476200
-0.041200 	 -0.010800 	 0.069200
-0.218200 	 -1.108800 	 -0.984800
-0.496200 	 1.343200 	 -0.486800
-0.637200 	 -0.281800 	 0.926200

-1.359200 	 -0.106400 	 -0.480800
0.004800 	 0.080600 	 -0.034800
0.966800 	 -0.889400 	 -0.713800
0.109800 	 -0.078400 	 1.495201
0.277800 	 0.993600 	 -0.265800

-0.658200 	 0.768200 	 1.063200
-0.024200 	 0.037200 	 -0.065800
-0.569200 	 -1.383800 	 -0.176800
1.489800 	 0.010200 	 0.160200
-0.238200 	 0.568200 	 -0.980800

-0.482800 	 1.339200 	 -0.273600
-0.007800 	 0.004200 	 0.071400
1.452201 	 -0.175800 	 -0.332600
-0.872800 	 -1.058800 	 -0.607600
-0.088800 	 -0.108800 	 1.142400

E 1 4
0.517000 	 -1.277400 	 0.528400
0.062000 	 0.076600 	 -0.027600
-1.466000 	 0.118600 	 -0.110600
0.409000 	 0.865600 	 0.624400
0.478000 	 0.216600 	 -1.014600

-0.058400 	 0.079800 	 -1.482800
0.046600 	 -0.079200 	 0.047200
-0.602400 	 1.048800 	 0.844200
-0.369400 	 -0.918200 	 0.301200
0.983600 	 -0.131200 	 0.290199

-1.478600 	 -0.014800 	 -0.162800
0.035400 	 -0.041800 	 0.063200
0.817400 	 0.749200 	 -0.972800
0.249400 	 0.373200 	 1.037200
0.376400 	 -1.065800 	 0.035200

0.884600 	 1.029600 	 0.605800
0.019600 	 -0.033400 	 -0.073200
-1.217400 	 -0.413400 	 0.724800
-0.300400 	 0.340600 	 -1.035200
0.613600 	 -0.923400 	 -0.222200

E 2 4
1.464000 	 -0.110600 	 0.127200
-0.064000 	 -0.068600 	 0.044200
-0.499000 	 1.138400 	 -0.788800
-0.424000 	 -0.974600 	 -0.419800
-0.477000 	 0.015400 	 1.037200

0.583200 	 -1.048600 	 -0.842200
-0.065800 	 0.079400 	 -0.045200
0.284200 	 0.009400 	 1.437800
0.227200 	 0.931400 	 -0.402200
-1.028800 	 0.028400 	 -0.148200

-0.766200 	 -0.819200 	 0.955200
0.015801 	 -0.028200 	 -0.080800
0.486800 	 1.313800 	 0.443200
0.879799 	 -0.604200 	 -0.376800
-0.616200 	 0.137800 	 -0.940800

1.184800 	 0.437800 	 -0.758400
-0.052200 	 0.057800 	 0.039600
-0.290200 	 -1.439200 	 0.068600
0.069800 	 0.406800 	 1.054600
-0.912200 	 0.536800 	 -0.404400

E 3 4
0.408500 	 -1.132000 	 0.781000
-0.026500 	 0.075000 	 -0.052000
0.733500 	 0.483000 	 -0.916000
-1.115500 	 0.574000 	 0.187000

-0.338750 	 0.050750 	 -1.412000
0.011250 	 -0.019250 	 0.071000
0.287250 	 -1.086250 	 0.632000
0.040250 	 1.054750 	 0.709000

-0.445249 	 -1.269750 	 -0.495250
0.025750 	 0.072250 	 0.028750
-0.574251 	 0.573250 	 1.002750
0.993750 	 0.624250 	 -0.536250

0.225500 	 1.416000 	 -0.027250
-0.012500 	 -0.081000 	 0.001750
0.971499 	 -0.837000 	 0.141750
-1.184500 	 -0.498000 	 -0.116250

K 0 3
0.751400 	 1.255000 	 0.281400
-0.019600 	 0.012000 	 0.055400
0.866399 	 -1.196000 	 -0.255600
-1.069600 	 0.177000 	 -1.064600
-0.528599 	 -0.248000 	 0.983400

1.236800 	 -0.057400 	 -0.783400
0.020800 	 -0.053400 	 0.072600
-1.148200 	 -0.614400 	 -0.735400
-0.300200 	 1.381600 	 0.493600
0.190800 	 -0.656400 	 0.952600

-1.025001 	 0.802000 	 -0.636600
-0.005000 	 0.033000 	 0.062400
1.375001 	 0.237000 	 -0.555600
-0.367000 	 -1.450000 	 0.049400
0.022000 	 0.378000 	 1.080400

K 1 3
1.073800 	 -0.157600 	 1.044400
0.023801 	 0.007400 	 -0.075600
-1.394201 	 0.271400 	 0.446400
0.318801 	 0.796400 	 -0.761600
-0.022201 	 -0.917600 	 -0.653600

0.370200 	 -1.351200 	 -0.455000
0.049200 	 0.083800 	 -0.034000
-1.106800 	 0.081800 	 0.965000
0.919200 	 0.526800 	 0.427000
-0.231800 	 0.658800 	 -0.903000

0.308999 	 1.449600 	 -0.042200
-0.053000 	 -0.033400 	 -0.055200
0.644000 	 -0.830400 	 1.028800
-1.120000 	 -0.134400 	 0.081800
0.220000 	 -0.451400 	 -1.013200

K 2 3
1.355600 	 -0.321800 	 -0.518400
-0.062401 	 -0.057800 	 0.003600
-0.231400 	 1.366200 	 0.540600
-0.768400 	 -0.206800 	 -0.814400
-0.293400 	 -0.779800 	 0.788600

1.102400 	 -0.083000 	 -0.967200
-0.053600 	 -0.085000 	 0.031800
-0.310600 	 1.345000 	 0.502800
-0.939600 	 -0.475000 	 -0.446200
0.201400 	 -0.702000 	 0.878800

-0.639200 	 0.833200 	 -1.021200
0.057801 	 0.036200 	 0.062800
-0.312200 	 -1.437800 	 -0.000200
1.124800 	 0.136200 	 -0.065200
-0.231201 	 0.432200 	 1.023800

K 3 3
0.235600 	 -1.353000 	 -0.542800
0.066601 	 0.071000 	 -0.005800
-1.294399 	 0.229000 	 0.672200
0.857599 	 0.282000 	 0.714200
0.134600 	 0.771000 	 -0.837800

0.318000 	 -1.349000 	 -0.490400
0.061000 	 0.081000 	 -0.019400
-1.245000 	 0.132000 	 0.771600
0.878000 	 0.402000 	 0.612600
-0.012000 	 0.734000 	 -0.874400

0.328400 	 1.433200 	 -0.009600
-0.041600 	 -0.040800 	 -0.072600
0.353400 	 -0.770800 	 1.201400
-1.108600 	 -0.127800 	 -0.209600
0.468400 	 -0.493800 	 -0.909600

K 4 3
1.289400 	 -0.205800 	 -0.675800
-0.071600 	 -0.047800 	 0.002200
-0.139600 	 1.225200 	 0.756200
-0.852600 	 -0.080800 	 -0.763800
-0.225601 	 -0.890800 	 0.681200

1.220000 	 -0.007800 	 -0.814200
-0.086000 	 0.043200 	 -0.023200
0.080000 	 -0.694800 	 1.260800
-0.340000 	 1.072200 	 0.179800
-0.874000 	 -0.412800 	 -0.603200

-0.317000 	 0.730600 	 -1.233600
0.078001 	 0.000600 	 0.040400
-1.053000 	 -0.790400 	 0.600400
0.896000 	 -0.667400 	 -0.181600
0.396000 	 0.726600 	 0.774400

K 5 3
0.061401 	 -1.197600 	 -0.710800
-0.006600 	 0.075400 	 0.043200
-0.919600 	 0.188400 	 0.465200
0.692399 	 0.077400 	 0.775200
0.172401 	 0.856400 	 -0.572800

-0.156000 	 0.692600 	 -1.206400
0.010000 	 -0.045400 	 0.077600
-0.882000 	 -0.515400 	 0.324600
0.270000 	 0.625600 	 0.829600
0.758000 	 -0.757400 	 -0.025400

1.067600 	 0.747000 	 -0.528400
-0.063400 	 -0.044000 	 0.031600
-0.547400 	 0.500000 	 0.773600
0.289600 	 -0.932000 	 0.442600
-0.746401 	 -0.271000 	 -0.719400

C 0 6
-1.376200 	 -0.415000 	 -0.099600
-0.011200 	 0.087000 	 0.069400
0.543800 	 0.357000 	 -1.320600
0.866800 	 -0.946000 	 0.760400
-0.023200 	 0.917000 	 0.590400

-0.521600 	 -0.429000 	 1.294800
-0.014600 	 -0.076000 	 -0.032200
1.499400 	 0.157000 	 -0.058200
-0.751600 	 1.170000 	 -0.569200
-0.211600 	 -0.822000 	 -0.635200

0.516200 	 1.322800 	 0.286600
-0.030800 	 0.011800 	 -0.086399
-1.284800 	 -0.317200 	 0.719600
1.069200 	 -1.052200 	 0.116600
-0.269800 	 0.034800 	 -1.036400

-0.830600 	 -1.190400 	 -0.159200
-0.013600 	 0.029600 	 -0.105201
1.378400 	 -0.326400 	 0.408800
-0.591600 	 1.069600 	 0.858800
0.057400 	 0.417600 	 -1.003200

0.429600 	 0.099600 	 -1.381200
0.084600 	 0.021600 	 0.043800
-0.362400 	 -1.393400 	 0.381800
-1.031400 	 1.034600 	 0.381800
0.879600 	 0.237600 	 0.573800

-0.713200 	 0.045200 	 1.268400
-0.054200 	 -0.089800 	 -0.027600
1.448800 	 -0.187800 	 0.158400
-0.301200 	 1.129200 	 -0.920600
-0.380200 	 -0.896800 	 -0.478600

C 1 6
-0.799400 	 0.991000 	 -0.799800
0.078600 	 -0.042000 	 -0.108800
-0.508400 	 -0.649000 	 1.477200
0.345600 	 -0.702000 	 -0.767800
0.883600 	 0.402000 	 0.199200

0.836200 	 -1.134200 	 0.542800
0.099200 	 0.111800 	 0.005800
-1.667800 	 -0.164200 	 -0.250200
0.296200 	 0.866800 	 0.581800
0.436200 	 0.319800 	 -0.880200

-0.985600 	 1.138800 	 -0.169799
0.114400 	 0.074800 	 0.033200
-0.339600 	 -1.586200 	 -0.476801
0.935400 	 0.397800 	 -0.370800
0.275400 	 -0.025200 	 0.984200

0.641600 	 -1.068600 	 -0.831200
0.063600 	 -0.028600 	 0.132800
-1.438400 	 0.829400 	 -0.495200
0.034600 	 -0.435600 	 1.011800
0.698600 	 0.703400 	 0.181800

0.972400 	 -1.109400 	 -0.310600
-0.143600 	 -0.096400 	 0.027400
0.381400 	 1.600600 	 -0.398600
-0.997600 	 -0.413400 	 -0.306600
-0.212600 	 0.018600 	 0.988400

0.361600 	 -1.156400 	 0.916600
0.114600 	 0.062600 	 0.023600
-1.587400 	 0.401600 	 -0.506400
0.596600 	 0.811600 	 0.407600
0.514600 	 -0.119400 	 -0.841400

G 0 8
-0.861401 	 0.186600 	 -1.153600
-0.020399 	 -0.057400 	 0.028400
1.118600 	 0.951600 	 0.239400
-0.657401 	 -0.027400 	 0.912400
0.420601 	 -1.053400 	 -0.026600

-0.999000 	 -1.026600 	 -0.026600
-0.026000 	 0.065400 	 0.015400
1.433999 	 -0.408600 	 0.007400
-0.169999 	 0.677400 	 -0.873600
-0.239000 	 0.692400 	 0.877400

-1.193401 	 -0.597600 	 0.565600
0.047600 	 -0.026600 	 0.029600
-0.107399 	 1.003400 	 -1.103400
0.578602 	 0.459400 	 0.847600
0.674599 	 -0.838600 	 -0.339400

0.449000 	 0.686600 	 -1.188000
-0.087000 	 0.023600 	 0.036000
0.911000 	 -1.019400 	 0.541000
-0.247000 	 0.764600 	 0.808000
-1.026000 	 -0.455400 	 -0.197000

0.374801 	 1.167000 	 -0.726400
-0.067200 	 0.015000 	 0.060600
0.660800 	 -1.285000 	 -0.238400
0.046800 	 0.223000 	 1.000600
-1.015200 	 -0.120000 	 -0.096400

-1.028400 	 0.514000 	 -0.809800
0.076600 	 -0.036000 	 -0.052800
-0.139400 	 0.037000 	 1.450200
0.204600 	 -0.963000 	 -0.308801
0.886600 	 0.448000 	 -0.278800

-0.296000 	 -0.821000 	 -1.103600
0.026000 	 -0.053000 	 0.088400
-0.077000 	 1.445000 	 -0.160600
-0.581000 	 -0.302000 	 0.802400
0.928000 	 -0.269000 	 0.373400

-0.767400 	 -1.112800 	 0.404000
0.028600 	 0.048200 	 0.070000
0.256600 	 0.263200 	 -1.411000
-0.408400 	 0.835200 	 0.431000
0.890600 	 -0.033800 	 0.506000

P 0 9
-1.351801 	 0.507000 	 -0.167800
0.030199 	 0.028000 	 -0.066800
0.191202 	 -1.471000 	 -0.356800
0.485201 	 0.347000 	 1.363200
0.645200 	 0.589000 	 -0.771800

-0.241000 	 -1.372200 	 -0.370000
0.024000 	 -0.002200 	 0.078000
-1.267001 	 0.783800 	 0.397000
0.816000 	 0.659800 	 -1.058000
0.668001 	 -0.069200 	 0.953000

1.095401 	 -0.870800 	 -0.346200
-0.063599 	 -0.039800 	 -0.025200
-0.168599 	 1.184200 	 -0.953200
0.092399 	 0.380200 	 1.440800
-0.955602 	 -0.653800 	 -0.116200

0.295799 	 -1.174000 	 0.765000
0.068800 	 0.014000 	 -0.050000
0.113800 	 1.285000 	 0.815000
-1.302198 	 -0.209000 	 -0.696000
0.823799 	 0.084000 	 -0.834000

-1.429400 	 -0.056200 	 0.155200
0.033600 	 -0.004200 	 0.108200
0.618600 	 1.369800 	 -0.095800
0.375600 	 -0.912200 	 -1.094800
0.401600 	 -0.397200 	 0.927200

1.157800 	 0.649600 	 0.546800
-0.085201 	 0.085600 	 0.025800
-0.556199 	 -1.150400 	 0.800800
0.272799 	 -0.351400 	 -1.378199
-0.789199 	 0.766600 	 0.004800

-0.530600 	 0.795200 	 -1.067400
-0.069600 	 0.059200 	 0.102600
1.420400 	 0.273200 	 0.335600
-0.226600 	 -1.412800 	 -0.269400
-0.593600 	 0.285200 	 0.898600

0.969400 	 0.221200 	 -1.046000
-0.086600 	 0.059200 	 -0.032000
0.137400 	 0.873200 	 1.243000
-0.068600 	 -1.456800 	 0.258000
-0.951600 	 0.303200 	 -0.423000

-1.404400 	 0.148400 	 -0.017000
0.034600 	 0.002400 	 0.125000
0.753600 	 1.239400 	 -0.386000
0.338600 	 -1.205600 	 -0.777000
0.277600 	 -0.184600 	 1.055000

P 1 9
-0.769819 	 -0.415364 	 -1.468909
0.612181 	 -0.894364 	 -1.367909
1.067182 	 -0.575364 	 0.062091
0.145181 	 0.558636 	 0.499091
-1.158819 	 0.237636 	 -0.225909
0.905184 	 -1.435364 	 0.714091
2.115183 	 -0.273364 	 0.091091
0.012182 	 0.579636 	 1.581091
0.540182 	 1.510636 	 0.141091
-1.755819 	 -0.451364 	 0.373091
-1.712816 	 1.158636 	 -0.398909

-1.078092 	 -0.858000 	 1.007545
-0.813092 	 0.512000 	 1.455545
-0.021093 	 1.174000 	 0.319545
0.665908 	 -0.001000 	 -0.370455
-0.351091 	 -1.129000 	 -0.225454
-0.698091 	 1.656000 	 -0.388455
0.703910 	 1.894000 	 0.700545
0.884910 	 0.212000 	 -1.417455
1.577910 	 -0.263000 	 0.167545
-1.046090 	 -1.113000 	 -1.066455
0.174910 	 -2.084000 	 -0.182454

-0.067181 	 -0.702455 	 -1.556091
-1.226182 	 0.128545 	 -1.235091
-1.070183 	 0.548545 	 0.230909
0.413818 	 0.346545 	 0.527909
0.840820 	 -0.770455 	 -0.422091
-1.369183 	 1.585546 	 0.394909
-1.665181 	 -0.105454 	 0.863909
0.960819 	 1.257546 	 0.280909
0.579818 	 0.070545 	 1.569909
1.877818 	 -0.620454 	 -0.724091
0.724818 	 -1.738455 	 0.068909

1.600271 	 -0.148000 	 0.546909
1.373272 	 1.040000 	 -0.268091
0.002274 	 0.817000 	 -0.914091
-0.748728 	 -0.032000 	 0.109909
0.345272 	 -0.847000 	 0.794909
-0.514727 	 1.756000 	 -1.121091
0.126272 	 0.244000 	 -1.834091
-1.237726 	 0.616000 	 0.834909
-1.476727 	 -0.685000 	 -0.366091
0.142273 	 -0.918000 	 1.864909
0.388273 	 -1.843000 	 0.351909

-0.624000 	 0.684273 	 1.385273
0.839000 	 0.736273 	 1.338273
1.181000 	 -0.171727 	 0.135273
-0.007000 	 -0.024727 	 -0.746727
-1.199000 	 0.031273 	 0.192273
1.987000 	 0.129273 	 -0.311727
1.297000 	 -1.092727 	 0.413273
0.054000 	 0.789273 	 -1.270728
-0.081000 	 -0.779727 	 -1.350727
-1.921000 	 0.557273 	 -0.184727
-1.526000 	 -0.858727 	 0.400273

-0.211818 	 0.725182 	 1.483545
-1.454819 	 0.161182 	 0.962545
-1.096819 	 -0.275818 	 -0.441454
0.389182 	 -0.343818 	 -0.498455
0.947182 	 0.478182 	 0.612545
-1.482818 	 -1.144818 	 -0.633455
-1.431818 	 0.362182 	 -1.090454
0.682182 	 -1.263818 	 -0.408455
0.704182 	 -0.004818 	 -1.350454
1.641182 	 -0.004818 	 1.086546
1.314182 	 1.311182 	 0.277546

0.196818 	 1.643091 	 0.171091
0.657818 	 0.907091 	 1.341091
0.500818 	 -0.564909 	 0.969091
-0.231182 	 -0.586909 	 -0.316909
-0.392182 	 0.807091 	 -0.857909
1.368818 	 -0.985909 	 0.873091
-0.000182 	 -1.036909 	 1.653091
0.254818 	 -1.128909 	 -0.956908
-1.105182 	 -0.985909 	 -0.184909
0.077818 	 0.909091 	 -1.700910
-1.328182 	 1.023091 	 -0.989909

0.043182 	 1.553273 	 -0.627727
-1.012818 	 1.391273 	 0.386273
-0.994818 	 -0.124728 	 0.676273
0.325182 	 -0.611727 	 0.222273
0.825182 	 0.330272 	 -0.841727
-1.110818 	 -0.290727 	 1.624273
-1.706818 	 -0.571727 	 0.192273
0.946182 	 -0.634727 	 0.967273
0.244182 	 -1.509727 	 -0.136727
1.774182 	 0.501273 	 -0.735727
0.667182 	 -0.032728 	 -1.726727

-0.600727 	 1.112636 	 1.068545
0.838273 	 0.966636 	 1.210545
1.142273 	 -0.241364 	 0.308545
0.021273 	 -0.304364 	 -0.670454
-1.192727 	 0.274636 	 0.011546
1.989273 	 -0.121363 	 -0.148455
1.184273 	 -1.056364 	 0.832545
0.238273 	 0.208636 	 -1.464455
-0.146727 	 -1.223364 	 -0.932454
-1.721727 	 0.807636 	 -0.604454
-1.751727 	 -0.423363 	 0.388545

S 0 7
0.074602 	 1.451800 	 0.231400
0.062601 	 -0.007200 	 0.043400
0.261598 	 -0.394200 	 -1.424600
-1.270399 	 -0.609200 	 0.519400
0.871599 	 -0.441200 	 0.630400

0.057800 	 0.129800 	 1.455200
0.003799 	 -0.087200 	 0.011200
1.265800 	 0.382800 	 -0.717800
-1.168200 	 0.721800 	 -0.557800
-0.159199 	 -1.147200 	 -0.190800

-0.101400 	 -1.386800 	 -0.493600
-0.023401 	 -0.025800 	 0.064400
-0.919401 	 0.952200 	 -0.695600
1.411600 	 0.493200 	 0.027400
-0.367399 	 -0.032800 	 1.097400

-0.239800 	 1.447600 	 0.095000
-0.042800 	 -0.017400 	 -0.076000
-0.604800 	 -0.744400 	 1.146000
1.449200 	 -0.324400 	 -0.208000
-0.561800 	 -0.361400 	 -0.957000

-0.437800 	 -1.350800 	 0.259400
0.080200 	 0.000200 	 0.077400
-1.110800 	 0.948200 	 0.148400
0.753200 	 0.191200 	 -1.279600
0.715200 	 0.211200 	 0.794400

0.808000 	 -0.939200 	 0.737000
-0.059000 	 0.027800 	 0.075000
-0.831000 	 -0.659200 	 -1.049000
0.778000 	 1.185800 	 -0.491000
-0.696000 	 0.384800 	 0.728000

-1.228800 	 0.474800 	 -0.611000
0.007200 	 0.055800 	 0.042000
1.159200 	 -0.045200 	 -0.955000
-0.193800 	 -1.287200 	 0.746000
0.256200 	 0.801800 	 0.778000

S 1 7
1.286000 	 0.546400 	 -0.496200
-0.047000 	 -0.055600 	 -0.020200
-0.516000 	 0.550400 	 1.168800
-0.806001 	 0.085400 	 -0.791200
0.083001 	 -1.126600 	 0.138800

1.150399 	 -0.777800 	 0.498600
-0.021600 	 0.031200 	 -0.070400
-1.102601 	 0.109200 	 0.834600
0.320401 	 1.047200 	 -0.249400
-0.346600 	 -0.409800 	 -1.013400

-1.385801 	 -0.463600 	 -0.009200
0.049200 	 0.055400 	 -0.046200
0.827200 	 -0.629600 	 0.916800
0.466200 	 -0.085600 	 -1.046200
0.043200 	 1.123400 	 0.184800

-1.435600 	 0.273400 	 0.067000
0.056400 	 -0.033600 	 -0.065000
0.720400 	 0.316400 	 1.142000
0.192400 	 -1.086600 	 -0.252000
0.466400 	 0.530400 	 -0.892000

-0.576000 	 -0.175200 	 1.326800
0.097000 	 0.015800 	 -0.030200
-0.835000 	 -0.043200 	 -1.096200
0.546000 	 0.875800 	 -0.046200
0.768000 	 -0.673200 	 -0.154200

-0.810000 	 -1.116000 	 0.447600
0.027000 	 0.042000 	 -0.118400
0.577000 	 0.736000 	 0.999600
0.736000 	 -0.299000 	 -0.685400
-0.530000 	 0.637000 	 -0.643400

0.158200 	 1.271200 	 -0.721400
-0.042800 	 -0.071800 	 -0.017400
0.651200 	 -0.109800 	 1.217600
-1.094800 	 -0.223800 	 0.170600
0.328200 	 -0.865800 	 -0.649400

S 2 7
0.471333 	 -0.677000 	 -0.704667
0.002333 	 -0.071000 	 0.484333
-0.473667 	 0.748000 	 0.220333

0.952667 	 -0.235667 	 -0.480667
-0.128334 	 -0.157667 	 0.424333
-0.824333 	 0.393333 	 0.056333

-0.792000 	 0.297000 	 -0.688667
-0.014000 	 -0.388000 	 0.274333
0.806000 	 0.091000 	 0.414333

-0.229333 	 -0.221000 	 -1.043000
0.434667 	 0.129000 	 0.164000
-0.205333 	 0.092000 	 0.879000

0.467667 	 -0.066667 	 0.987667
-0.464333 	 -0.125667 	 -0.078333
-0.003333 	 0.192334 	 -0.909334

-0.403333 	 -0.783333 	 -0.665000
0.146667 	 -0.089334 	 0.453000
0.256667 	 0.872667 	 0.212000

-0.382000 	 0.290667 	 -0.983000
0.312000 	 0.252667 	 0.252000
0.070000 	 -0.543333 	 0.731000

T 0 6
-0.871800 	 -1.168800 	 0.051200
-0.062800 	 0.077200 	 0.000200
0.729200 	 0.125200 	 -1.300800
0.870200 	 0.116200 	 1.214200
-0.664800 	 0.850200 	 0.035200

-0.760400 	 -0.253200 	 1.205600
0.013600 	 -0.076200 	 -0.027400
1.334600 	 0.606800 	 0.294600
-0.802400 	 0.687800 	 -1.085400
0.214600 	 -0.965200 	 -0.387400

-0.850400 	 1.127000 	 0.356400
-0.080400 	 -0.052000 	 -0.062599
0.367600 	 -0.847000 	 1.147400
1.188600 	 0.388000 	 -0.790600
-0.625400 	 -0.616000 	 -0.650600

-0.814000 	 0.429800 	 1.126801
0.058000 	 -0.019200 	 0.060799
0.301000 	 1.096800 	 -0.944200
-0.466000 	 -1.249200 	 -0.702200
0.921000 	 -0.258200 	 0.458800

-0.845800 	 -1.006400 	 -0.635400
0.010200 	 0.030600 	 -0.095401
1.272200 	 -0.521400 	 0.575600
-0.717800 	 0.872600 	 0.981601
0.281200 	 0.624600 	 -0.826400

-1.362600 	 -0.450200 	 -0.027800
-0.015600 	 0.097800 	 -0.002800
0.724400 	 -0.149200 	 -1.304800
0.722400 	 -0.562200 	 1.181200
-0.068600 	 1.063800 	 0.154200

T 1 6
-0.855800 	 -0.118000 	 -1.218400
0.077200 	 -0.079000 	 -0.004400
-0.806800 	 -0.054000 	 1.153600
0.955200 	 1.139000 	 0.053600
0.630200 	 -0.888000 	 0.015600

0.893400 	 -0.744800 	 0.973400
0.077400 	 0.019200 	 -0.084600
-0.348600 	 1.296200 	 0.414400
-1.228600 	 -0.705800 	 -0.401600
0.606400 	 0.135200 	 -0.901600

-1.209200 	 -0.399200 	 0.799800
0.059800 	 0.040800 	 0.071800
-0.300200 	 1.007800 	 -0.935200
0.775800 	 -1.104200 	 -0.649201
0.673800 	 0.454800 	 0.712801

0.574400 	 1.230200 	 0.674799
0.050400 	 0.000200 	 -0.088200
-1.331600 	 0.164200 	 -0.447201
0.124400 	 -1.269800 	 0.761801
0.582400 	 -0.124800 	 -0.901199

0.786400 	 -0.779000 	 -1.040801
0.058400 	 0.063000 	 0.036201
-0.322600 	 -0.788000 	 1.123199
-1.198600 	 0.759000 	 -0.491799
0.676400 	 0.745000 	 0.373200

-0.729000 	 0.548400 	 -1.196000
0.009000 	 -0.111600 	 -0.012000
-0.732000 	 0.201400 	 1.174000
1.404000 	 0.444400 	 0.172000
0.048000 	 -1.082600 	 -0.138000

T 2 6
0.520333 	 0.261667 	 -0.947000
-0.363667 	 0.286667 	 0.211000
-0.156667 	 -0.548333 	 0.736000

0.590000 	 -0.913667 	 -0.211667
0.164000 	 0.363333 	 0.287333
-0.754000 	 0.550333 	 -0.075667

0.031667 	 -0.900000 	 0.623334
-0.328334 	 0.067000 	 -0.383666
0.296666 	 0.833000 	 -0.239667

0.963667 	 0.064000 	 0.524334
-0.418333 	 0.228000 	 0.165333
-0.545333 	 -0.292000 	 -0.689667

0.509000 	 0.760667 	 -0.641666
0.128000 	 -0.090333 	 0.445333
-0.637000 	 -0.670333 	 0.196333

0.739000 	 0.018667 	 -0.819333
-0.002000 	 0.331667 	 0.366667
-0.737000 	 -0.350333 	 0.452667

T 3 6
-0.814400 	 -1.129800 	 -0.054200
0.063600 	 0.088200 	 0.003800
0.620600 	 0.043200 	 0.784800
-0.484400 	 0.875200 	 0.046800
0.614600 	 0.123200 	 -0.781200

1.208800 	 0.671000 	 0.293600
-0.097200 	 -0.054000 	 -0.023400
0.097800 	 -0.940000 	 -0.337400
-0.574200 	 0.429000 	 -0.702400
-0.635200 	 -0.106000 	 0.769600

-0.662600 	 1.059800 	 0.667000
0.053400 	 -0.085200 	 -0.054001
0.317400 	 -0.751200 	 0.586000
0.831400 	 0.254800 	 -0.500999
-0.539600 	 -0.478200 	 -0.698000

-0.068400 	 1.175000 	 -0.786400
0.005600 	 -0.095000 	 0.063601
0.919600 	 -0.270000 	 0.297600
-0.344400 	 -0.835000 	 -0.437401
-0.512400 	 0.025000 	 0.862600

1.163200 	 -0.643800 	 0.488400
-0.093800 	 0.052200 	 -0.039600
0.143200 	 0.633200 	 -0.765601
-0.493800 	 0.566200 	 0.665400
-0.718800 	 -0.607800 	 -0.348600

-1.293000 	 -0.515000 	 -0.170400
0.102000 	 0.041000 	 0.013600
0.614000 	 -0.110000 	 -0.784400
0.526000 	 -0.399000 	 0.753600
0.051000 	 0.983000 	 0.187600

W 0 3
-1.263200 	 0.218600 	 -0.705400
0.018800 	 -0.042400 	 -0.039400
-0.172200 	 -0.657400 	 1.353600
0.848800 	 1.252600 	 0.024600
0.567801 	 -0.771400 	 -0.633400

-1.222000 	 -0.318600 	 0.717000
0.032999 	 -0.060600 	 0.019000
0.736000 	 1.178400 	 0.577000
-0.221000 	 0.117400 	 -1.479000
0.674000 	 -0.916600 	 0.166000

-0.413000 	 -1.378800 	 0.170400
0.060000 	 -0.014800 	 -0.038600
0.393999 	 0.653200 	 1.291400
-0.996000 	 0.804200 	 -0.783600
0.955000 	 -0.063800 	 -0.639600

W 1 3
-0.856001 	 -1.230200 	 -0.081000
-0.026001 	 0.064800 	 -0.017000
1.381001 	 -0.123200 	 0.451000
0.004000 	 0.516800 	 -1.009000
-0.503000 	 0.771800 	 0.656000

0.235400 	 -0.105600 	 1.463000
-0.018600 	 0.072400 	 -0.035000
0.106400 	 -1.201600 	 -0.814000
-1.017600 	 0.455400 	 -0.181000
0.694400 	 0.779400 	 -0.433000

0.974400 	 -0.828400 	 0.755600
-0.081600 	 -0.009400 	 0.010600
0.504401 	 0.989600 	 -0.940400
-0.712600 	 -0.677400 	 -0.555400
-0.684600 	 0.525600 	 0.729600

W 2 3
-2.693126 	 0.111375 	 -2.063812
-1.286124 	 -0.076625 	 -1.595812
-0.259126 	 -0.441625 	 -2.387812
-0.718125 	 0.093375 	 -0.258812
0.872874 	 -0.623625 	 -1.621812
0.656875 	 -0.284625 	 -0.305813
-1.214126 	 0.542375 	 0.984188
1.494876 	 -0.238625 	 0.818188
-0.378125 	 0.618375 	 2.116187
0.971873 	 0.232375 	 2.034188
-0.330125 	 -0.594625 	 -3.454812
1.757877 	 -0.963625 	 -2.009812
-2.243125 	 0.860375 	 1.052187
2.530875 	 -0.532625 	 0.736187
-0.771125 	 0.992375 	 3.051187
1.607875 	 0.305375 	 2.906187

-0.657500 	 2.035062 	 2.561188
-0.532500 	 0.761063 	 1.782188
-0.827500 	 -0.498937 	 2.218187
-0.078500 	 0.623063 	 0.431188
-0.584500 	 -1.411938 	 1.221187
-0.124499 	 -0.747938 	 0.114187
0.361501 	 1.525062 	 -0.541812
0.253501 	 -1.235937 	 -1.134812
0.736501 	 1.039062 	 -1.779813
0.679500 	 -0.330938 	 -2.066812
-1.196500 	 -0.728937 	 3.207187
-0.719501 	 -2.379938 	 1.290187
0.412499 	 2.585063 	 -0.338812
0.215501 	 -2.288937 	 -1.371812
1.079499 	 1.721063 	 -2.543813
0.982499 	 -0.665937 	 -3.047812

-1.767875 	 -1.197250 	 2.564000
-1.181875 	 -0.198250 	 1.613000
-1.366874 	 1.153750 	 1.629000
-0.317874 	 -0.473250 	 0.505000
-0.669876 	 1.736750 	 0.599000
-0.017875 	 0.758750 	 -0.106000
0.232125 	 -1.642250 	 -0.030000
0.807124 	 0.854750 	 -1.224000
1.050124 	 -1.545250 	 -1.140000
1.331126 	 -0.304250 	 -1.726000
-1.974876 	 1.676750 	 2.353000
-0.642875 	 2.696750 	 0.401000
0.026125 	 -2.607250 	 0.408000
1.034125 	 1.803750 	 -1.687000
1.484126 	 -2.437250 	 -1.567000
1.975127 	 -0.276250 	 -2.592000

Y 0 3
-0.285400 	 0.162600 	 -1.433000
0.048600 	 -0.031400 	 -0.012000
-0.980399 	 -0.915400 	 0.712000
0.205600 	 1.324600 	 0.702000
1.011599 	 -0.540400 	 0.031000

-0.153000 	 -1.124600 	 0.883600
0.038000 	 -0.042600 	 -0.077401
1.127000 	 0.925400 	 0.371601
-1.307000 	 0.670400 	 -0.237400
0.295000 	 -0.428600 	 -0.940400

1.354400 	 -0.394800 	 0.362400
0.024400 	 0.015200 	 -0.089600
-0.489600 	 1.079200 	 0.901400
-1.004600 	 -1.134800 	 -0.203600
0.115400 	 0.435200 	 -0.970600

Y 1 3
-0.200400 	 -1.291800 	 -0.731000
-0.043400 	 0.064200 	 -0.017000
0.954601 	 0.016200 	 1.130000
0.300600 	 0.808200 	 -0.738000
-1.011401 	 0.403200 	 0.356000

1.262400 	 -0.734400 	 0.208199
-0.082600 	 -0.021400 	 0.048199
-0.081600 	 1.098600 	 -0.945800
-0.747600 	 -0.673400 	 -0.221799
-0.350600 	 0.330600 	 0.911200

0.931200 	 1.129600 	 0.185800
-0.097800 	 -0.020400 	 0.071800
0.255200 	 -0.924400 	 -1.091200
-0.103800 	 -0.534400 	 0.893800
-0.984800 	 0.349600 	 -0.060200

Y 2 3
-2.190231 	 0.181231 	 -2.270385
-1.192230 	 0.133231 	 -1.123385
-1.472231 	 -0.599769 	 0.047615
0.051769 	 0.779231 	 -1.254385
-0.490231 	 -0.738769 	 1.046615
1.040770 	 0.640231 	 -0.264385
0.776770 	 -0.140769 	 0.881615
1.737768 	 -0.335769 	 1.823616
-2.431231 	 -1.077769 	 0.181615
0.261768 	 1.383231 	 -2.125385
-0.682230 	 -1.313769 	 1.937615
1.992769 	 1.134231 	 -0.395385
2.596769 	 -0.044769 	 1.514616

-0.000231 	 -2.247308 	 2.144615
0.000769 	 -1.127308 	 1.150615
0.426769 	 -1.355308 	 -0.146386
-0.439231 	 0.138692 	 1.499616
0.442769 	 -0.369308 	 -1.111384
-0.429231 	 1.156692 	 0.559616
0.008769 	 0.880692 	 -0.718384
0.013769 	 1.903692 	 -1.641385
0.713769 	 -2.209308 	 -0.377385
-0.742231 	 0.305692 	 2.363615
0.729769 	 -0.538308 	 -1.979384
-0.712231 	 2.012692 	 0.786615
-0.013231 	 1.448692 	 -2.530385

-0.680385 	 1.840615 	 2.446154
-0.327385 	 0.936616 	 1.283154
0.587615 	 -0.094385 	 1.440154
-0.922385 	 1.127615 	 0.042154
0.912616 	 -0.922385 	 0.369154
-0.605385 	 0.302615 	 -1.039846
0.315615 	 -0.712385 	 -0.858846
0.674616 	 -1.569385 	 -1.877846
0.987615 	 -0.233385 	 2.268154
-1.540385 	 1.813615 	 -0.068846
1.526615 	 -1.612385 	 0.480154
-1.007385 	 0.434615 	 -1.867846
0.078615 	 -1.311385 	 -2.615846

I 0 5
0.516600 	 1.201000 	 0.659400
-0.050400 	 0.030000 	 -0.068600
-0.908400 	 -0.791000 	 0.906400
1.099600 	 -0.828000 	 -0.611600
-0.657400 	 0.388000 	 -0.885600

1.004200 	 -1.019200 	 0.011200
-0.067800 	 -0.032200 	 0.054200
-0.900800 	 -0.031200 	 -1.206800
0.617200 	 1.324800 	 0.329200
-0.652800 	 -0.242200 	 0.812200

0.297400 	 1.305200 	 -0.552600
-0.023600 	 -0.039800 	 -0.084600
-1.090600 	 0.066200 	 1.004400
1.205400 	 -0.776800 	 0.467400
-0.388600 	 -0.554800 	 -0.834600

1.012600 	 0.204000 	 -1.000200
0.002600 	 0.101000 	 0.027800
0.442600 	 -0.930000 	 1.049800
-1.355400 	 -0.346000 	 -0.545200
-0.102400 	 0.971000 	 0.467800

-0.381400 	 0.854200 	 -1.106200
0.018600 	 -0.076800 	 -0.049200
-1.116400 	 -0.183800 	 0.965800
1.316600 	 0.366200 	 0.638800
0.162600 	 -0.959800 	 -0.449200

I 1 5
-1.094800 	 0.909200 	 0.498800
0.055200 	 0.051200 	 -0.044200
-0.500800 	 -1.017800 	 -0.989200
0.791200 	 -0.625800 	 1.116800
0.749200 	 0.683200 	 -0.582200

-0.624600 	 -1.328600 	 -0.321800
0.060400 	 0.028400 	 -0.046800
0.507400 	 0.052400 	 1.422200
-0.812600 	 1.183400 	 -0.453800
0.869400 	 0.064400 	 -0.599800

-1.250600 	 0.668400 	 -0.527400
-0.021600 	 -0.068600 	 0.024600
0.542400 	 0.588400 	 1.290600
1.041400 	 -0.216600 	 -1.059400
-0.311600 	 -0.971600 	 0.271600

1.359200 	 0.380600 	 0.535400
0.001200 	 -0.066400 	 -0.037600
-0.452800 	 0.786600 	 -1.215600
-1.020800 	 -0.119400 	 1.087400
0.113200 	 -0.981400 	 -0.369600

-1.289400 	 -0.490600 	 -0.631600
0.008600 	 -0.047600 	 0.056400
-0.094400 	 1.317400 	 0.751400
1.167600 	 -0.068600 	 -0.926600
0.207600 	 -0.710600 	 0.750400

I 2 5
0.457200 	 1.057200 	 0.921400
-0.098800 	 -0.011800 	 -0.023600
1.041200 	 -0.870800 	 -0.570600
-0.786800 	 -0.640800 	 0.516400
-0.612800 	 0.466200 	 -0.843600

-0.447200 	 -0.107600 	 -1.403600
-0.000200 	 -0.083600 	 0.065400
0.464800 	 1.280400 	 0.528399
-0.740200 	 -0.369600 	 0.624400
0.722800 	 -0.719600 	 0.185400

-0.591200 	 -0.578400 	 -1.230600
-0.027200 	 0.078600 	 0.035400
1.066800 	 -0.664400 	 0.736400
0.307800 	 0.957600 	 -0.202600
-0.756200 	 0.206600 	 0.661400

0.497600 	 -0.768000 	 1.151200
0.043600 	 0.085000 	 -0.026800
-1.148400 	 -0.465000 	 -0.774800
-0.176400 	 0.972000 	 0.298200
0.783600 	 0.176000 	 -0.647800

0.030000 	 -1.300400 	 -0.709600
-0.073000 	 0.064600 	 -0.014600
1.058000 	 0.383600 	 0.943400
-0.105000 	 0.754600 	 -0.694600
-0.910000 	 0.097600 	 0.475400

I 3 5
-0.692400 	 0.637600 	 -1.093200
0.043600 	 -0.039400 	 0.067800
-0.553400 	 -0.857400 	 0.444800
0.208600 	 0.677600 	 0.858800
0.993600 	 -0.418400 	 -0.278200

0.809600 	 -1.071800 	 0.377800
-0.063400 	 0.083200 	 -0.029200
-0.272400 	 0.013200 	 -0.964200
0.401600 	 0.908200 	 0.132800
-0.875400 	 0.067200 	 0.482800

-0.983800 	 0.137200 	 1.003600
0.079200 	 -0.010800 	 -0.080400
0.838200 	 -0.475800 	 0.277600
0.349200 	 0.858200 	 -0.383400
-0.282800 	 -0.508800 	 -0.817400

0.946400 	 0.048800 	 -1.042000
-0.075600 	 -0.004200 	 0.083000
0.262400 	 -0.550200 	 0.796000
-0.895600 	 -0.378200 	 -0.247000
-0.237600 	 0.883800 	 0.410000

-1.073800 	 0.019200 	 0.911000
0.085200 	 -0.001800 	 -0.072000
0.889200 	 0.274200 	 0.374000
-0.099800 	 0.599200 	 -0.798000
0.199200 	 -0.890800 	 -0.415000

I 4 5
-1.073400 	 0.808800 	 0.515000
0.066600 	 -0.050200 	 -0.032000
-0.291400 	 -0.635200 	 -0.866000
0.423600 	 -0.711200 	 0.744000
0.874600 	 0.587800 	 -0.361000

-0.431000 	 -1.264200 	 -0.428800
0.034000 	 0.099800 	 0.034200
0.828000 	 0.346800 	 -0.445800
0.224000 	 0.070800 	 0.974200
-0.655000 	 0.746800 	 -0.133800

-1.015200 	 0.689600 	 -0.650600
0.078800 	 -0.053400 	 0.050400
-0.244200 	 -0.915400 	 0.322400
0.357800 	 0.442600 	 0.823400
0.822800 	 -0.163400 	 -0.545600

1.105200 	 0.509800 	 0.693200
-0.086800 	 -0.040200 	 -0.054800
0.140200 	 -0.890200 	 -0.437800
-0.335800 	 0.569800 	 -0.752800
-0.822800 	 -0.149200 	 0.552200

-1.048200 	 -0.295800 	 -0.887600
0.082800 	 0.023200 	 0.070400
0.101800 	 -0.630800 	 0.772400
-0.054200 	 0.895200 	 0.448400
0.917800 	 0.008200 	 -0.403600

L 0 9
0.438800 	 0.539400 	 -1.287200
0.055801 	 -0.005600 	 0.015800
-0.706200 	 -1.337600 	 -0.103200
-0.755200 	 1.036400 	 0.804800
0.966800 	 -0.232600 	 0.569800

-0.004000 	 1.217400 	 -0.821000
0.004000 	 -0.063600 	 -0.064000
-1.246000 	 -0.126600 	 0.811000
1.247000 	 -0.136600 	 0.827000
-0.001000 	 -0.890600 	 -0.753000

-1.064200 	 0.927400 	 -0.419800
-0.047200 	 -0.066600 	 0.039200
0.936800 	 0.637400 	 0.974200
0.712800 	 -0.627600 	 -1.165800
-0.538200 	 -0.870600 	 0.572200

1.099400 	 -0.944800 	 0.163600
-0.005600 	 -0.009800 	 0.085600
-1.276600 	 -0.570800 	 -0.542400
0.406400 	 1.256200 	 -0.705400
-0.223600 	 0.269200 	 0.998600

-0.316400 	 -0.483800 	 1.340001
0.046601 	 -0.073800 	 -0.033001
0.904600 	 1.185200 	 0.018999
-1.205400 	 0.164200 	 -0.881000
0.570600 	 -0.791800 	 -0.444999

0.603800 	 1.287800 	 0.282600
0.014800 	 -0.029200 	 0.064600
0.726800 	 -0.763200 	 -1.066400
-1.475200 	 0.102800 	 -0.255400
0.129800 	 -0.598200 	 0.974600

-0.847200 	 0.627000 	 0.994600
-0.052200 	 -0.009000 	 -0.049400
0.504800 	 -1.345000 	 0.429600
1.092800 	 0.911000 	 -0.478400
-0.698200 	 -0.184000 	 -0.896400

-1.360200 	 0.016200 	 0.509800
0.012799 	 -0.067800 	 0.021800
0.927800 	 0.927200 	 0.736800
0.054799 	 0.182200 	 -1.482200
0.364801 	 -1.057800 	 0.213800

-0.966399 	 0.040000 	 1.083400
0.045600 	 -0.041000 	 0.035400
0.629600 	 1.334000 	 -0.278600
-0.547400 	 -0.656000 	 -1.234600
0.838599 	 -0.677000 	 0.394400

L 1 9
0.734800 	 -1.051400 	 -0.772000
-0.076200 	 -0.009400 	 0.017000
0.730801 	 1.242600 	 0.419000
-0.930201 	 0.295600 	 -0.589000
-0.459200 	 -0.477400 	 0.925000

-1.245400 	 0.072000 	 -0.790400
-0.002400 	 -0.001000 	 0.100600
1.265600 	 -0.060000 	 -0.762400
0.036600 	 0.874000 	 0.733600
-0.054400 	 -0.885000 	 0.718600

-0.658400 	 0.553000 	 1.198400
0.101600 	 -0.008000 	 -0.006600
-0.886400 	 -0.422000 	 -1.099600
0.768600 	 0.747000 	 -0.392600
0.674600 	 -0.870000 	 0.300400

-0.440400 	 -1.246800 	 0.698600
-0.028400 	 0.019200 	 -0.092399
0.878600 	 0.997200 	 0.654600
0.424600 	 -0.259800 	 -0.903400
-0.834400 	 0.490200 	 -0.357401

1.220201 	 -0.152400 	 0.829799
-0.031800 	 0.085600 	 -0.018200
-0.733800 	 -1.163400 	 -0.554200
-0.668800 	 0.586600 	 0.515800
0.214200 	 0.643600 	 -0.773199

1.460401 	 -0.154400 	 0.253400
-0.029600 	 -0.022400 	 -0.066600
-0.878600 	 0.595600 	 1.045400
-0.133600 	 0.587600 	 -0.951600
-0.418600 	 -1.006400 	 -0.280600

-1.071600 	 -0.939800 	 0.435600
0.073399 	 -0.019800 	 0.006600
-0.360600 	 1.329200 	 -0.569400
0.700400 	 0.164200 	 0.867600
0.658400 	 -0.533800 	 -0.740400

-0.004600 	 -0.298400 	 1.451400
0.037400 	 -0.048400 	 -0.052600
-0.685600 	 1.217600 	 -0.485600
1.071400 	 0.019600 	 -0.360600
-0.418600 	 -0.890400 	 -0.552600

0.613800 	 0.637600 	 1.200200
0.020800 	 0.022600 	 -0.069800
-1.021200 	 -1.072400 	 0.165200
-0.440199 	 0.811600 	 -0.644800
0.826799 	 -0.399400 	 -0.650800

L 2 9
-0.766401 	 -1.236400 	 -0.470000
0.040601 	 0.015600 	 -0.068000
-0.909400 	 1.079600 	 0.485000
1.100600 	 -0.289400 	 0.998000
0.534600 	 0.430600 	 -0.945000

-1.268000 	 0.128000 	 0.805800
-0.000000 	 0.069000 	 -0.057200
1.227000 	 0.112000 	 0.859800
0.020000 	 -1.231000 	 -0.888200
0.021000 	 0.922000 	 -0.720200

0.937200 	 0.484400 	 1.069800
-0.050800 	 0.070400 	 -0.023200
0.727200 	 -0.438600 	 -1.238200
-0.966800 	 -1.041600 	 0.502800
-0.646800 	 0.925400 	 -0.311200

-0.851800 	 -1.030000 	 -0.704399
0.055200 	 -0.052000 	 0.042600
0.571200 	 1.004000 	 -0.937401
-0.601800 	 0.632000 	 1.221601
0.827200 	 -0.554000 	 0.377600

0.687400 	 1.191800 	 0.602999
-0.014600 	 -0.057200 	 0.067000
-1.364600 	 0.302800 	 -0.534000
0.859400 	 -0.769200 	 -0.954000
-0.167600 	 -0.668200 	 0.818000

0.873000 	 -0.644200 	 -1.049000
0.024000 	 -0.026200 	 0.063000
0.177000 	 1.486800 	 0.073000
-1.437000 	 -0.414200 	 -0.105000
0.363000 	 -0.402200 	 1.018000

0.375800 	 -1.326600 	 0.612800
-0.058199 	 0.022400 	 0.036800
1.045800 	 1.054400 	 0.205800
-0.435200 	 -0.122600 	 -1.429200
-0.928200 	 0.372400 	 0.573800

0.696800 	 -1.236800 	 0.488200
-0.026200 	 0.029200 	 0.055200
0.939800 	 1.009200 	 -0.595800
-1.178200 	 -0.297800 	 -0.883800
-0.432200 	 0.496200 	 0.936200

0.995600 	 1.119000 	 -0.185000
-0.046400 	 0.024000 	 0.050000
-0.817400 	 -0.263000 	 -1.229000
0.619600 	 -1.242000 	 0.569000
-0.751400 	 0.362000 	 0.795000

L 3 9
0.897400 	 -1.007200 	 -0.521000
-0.052600 	 0.056800 	 0.032000
-0.761600 	 0.349800 	 -0.742000
-0.595600 	 -0.336200 	 0.893000
0.512400 	 0.936800 	 0.338000

-1.154000 	 -0.040000 	 -0.863200
0.073000 	 0.003000 	 0.053800
0.966000 	 -0.146000 	 -0.533200
-0.006000 	 -0.779000 	 0.794800
0.121000 	 0.962000 	 0.547800

-0.731600 	 0.478800 	 1.144000
0.046400 	 -0.030200 	 -0.071000
0.601400 	 -0.915200 	 0.201000
0.729400 	 0.735800 	 -0.407000
-0.645600 	 -0.269200 	 -0.867000

-0.477400 	 -0.977000 	 0.907000
0.038600 	 0.079000 	 -0.073001
0.456600 	 -0.356000 	 -0.820000
0.678600 	 0.641000 	 0.370000
-0.696400 	 0.613000 	 -0.383999

1.250400 	 -0.333600 	 0.556800
-0.099600 	 0.026400 	 -0.044199
-0.634600 	 0.474400 	 0.614799
-0.546600 	 -0.773600 	 -0.329199
0.030400 	 0.606400 	 -0.798201

-0.144200 	 -1.425200 	 -0.009600
0.008800 	 0.087800 	 0.000400
0.963801 	 0.349800 	 0.430400
-0.783200 	 0.525800 	 0.589400
-0.045200 	 0.461800 	 -1.010600

-1.039799 	 -0.972200 	 -0.159600
0.064200 	 0.059800 	 0.009400
-0.063801 	 0.845800 	 -0.719600
1.024201 	 -0.413200 	 -0.133600
0.015200 	 0.479800 	 1.003400

-0.909800 	 -0.922800 	 0.613400
0.056199 	 0.057200 	 -0.037600
0.804200 	 -0.489800 	 -0.592600
0.536201 	 0.650200 	 0.726400
-0.486800 	 0.705200 	 -0.709600

0.726000 	 0.270200 	 1.205000
-0.045000 	 -0.016800 	 -0.074000
-0.646000 	 -0.903800 	 0.059000
0.650000 	 -0.171800 	 -0.886000
-0.684999 	 0.822200 	 -0.304000

L 4 9
-1.005399 	 0.285600 	 -1.009200
0.054600 	 -0.019400 	 0.056800
0.583599 	 0.895600 	 0.323800
-0.417400 	 -0.428400 	 0.950800
0.784600 	 -0.733400 	 -0.322200

-0.019200 	 1.223200 	 0.783400
0.000800 	 -0.076800 	 -0.047600
1.021800 	 -0.351800 	 -0.273600
-0.534200 	 0.081200 	 -0.971600
-0.469200 	 -0.875800 	 0.509400

0.862200 	 1.046800 	 -0.494800
-0.053800 	 -0.065200 	 0.031200
-0.529800 	 -0.564200 	 -0.799800
-0.809800 	 0.363800 	 0.671200
0.531200 	 -0.781200 	 0.592200

0.609000 	 -0.633800 	 -1.092600
-0.048000 	 0.050200 	 0.086400
0.594000 	 0.608200 	 0.530400
-0.375000 	 -0.612800 	 0.699400
-0.780000 	 0.588200 	 -0.223600

-0.809200 	 0.659600 	 0.945600
0.064800 	 -0.052400 	 -0.075400
-0.371200 	 -0.858400 	 -0.362400
0.909800 	 -0.270400 	 0.323600
0.205800 	 0.521600 	 -0.831400

1.376600 	 0.366000 	 0.158000
-0.084400 	 -0.022000 	 -0.010000
-0.530400 	 -0.176000 	 0.962000
-0.151400 	 -0.935000 	 -0.584000
-0.610400 	 0.767000 	 -0.526000

0.355400 	 0.136400 	 1.381200
-0.021601 	 -0.008600 	 -0.084800
-0.838600 	 0.660400 	 -0.314800
-0.324600 	 -1.026600 	 -0.279800
0.829400 	 0.238400 	 -0.701800

1.085000 	 0.307800 	 0.884600
-0.067001 	 -0.019200 	 -0.054400
-0.863000 	 -0.490200 	 0.502600
0.278001 	 -0.690200 	 -0.827400
-0.433000 	 0.891800 	 -0.505400

-0.627400 	 1.192400 	 -0.488800
0.038600 	 -0.073600 	 0.030200
-0.640401 	 -0.592600 	 0.690200
0.936601 	 0.187400 	 0.570200
0.292600 	 -0.713600 	 -0.801800

V 0 2
0.645400 	 0.089800 	 1.277000
-0.059600 	 0.070800 	 -0.006000
-0.988600 	 -1.133200 	 -0.069001
1.003400 	 0.086800 	 -1.124999
-0.600600 	 0.885800 	 -0.077000

0.679600 	 -0.254000 	 1.257000
-0.051400 	 0.062000 	 0.033999
-0.743400 	 -1.203000 	 -0.509000
0.861600 	 0.679000 	 -1.037999
-0.746400 	 0.716000 	 0.256000

V 1 2
-1.000400 	 -0.089600 	 1.146800
0.062600 	 -0.073600 	 0.027801
-0.270400 	 -0.789600 	 -1.255200
0.317600 	 1.407400 	 -0.306201
0.890600 	 -0.454600 	 0.386800

-0.841200 	 -0.689000 	 1.057999
0.071800 	 -0.072000 	 -0.013999
-0.625200 	 0.078000 	 -1.358001
0.536800 	 1.328000 	 0.442000
0.857800 	 -0.645000 	 -0.127999

V 2 2
0.308600 	 0.663800 	 1.189801
-0.024400 	 -0.052200 	 -0.093200
-0.330400 	 -0.939200 	 0.105799
0.759600 	 -0.100200 	 -0.645200
-0.713400 	 0.427800 	 -0.557201

0.645800 	 -0.139200 	 1.245001
-0.051200 	 0.010800 	 -0.099001
0.552800 	 0.408800 	 -0.730000
-0.824200 	 0.572800 	 0.000999
-0.323200 	 -0.853200 	 -0.417000

V 3 2
-0.235600 	 -1.369600 	 0.308401
0.019400 	 0.111400 	 -0.025601
0.707400 	 0.175400 	 -0.690600
0.297400 	 0.575400 	 0.768400
-0.788600 	 0.507400 	 -0.360600

-0.430200 	 -1.294200 	 -0.421799
0.034800 	 0.105800 	 0.034200
0.630800 	 0.474800 	 -0.621800
0.491800 	 0.032800 	 0.876199
-0.727200 	 0.680800 	 0.133199

F 0 2
-0.848600 	 -0.834800 	 -0.866000
0.055400 	 -0.064800 	 0.037000
-0.783600 	 0.649200 	 1.100000
0.813400 	 0.972200 	 -0.795000
0.763400 	 -0.721800 	 0.524000

0.930400 	 0.844800 	 -0.725800
-0.022600 	 -0.062200 	 -0.062800
-1.282600 	 0.694800 	 0.321200
0.642400 	 -0.706200 	 1.161200
-0.267600 	 -0.771200 	 -0.693800

F 1 2
-0.774800 	 -0.942600 	 0.830400
-0.016800 	 0.094400 	 -0.001600
1.082200 	 -0.583600 	 -0.784600
-0.698800 	 0.581400 	 -0.684600
0.408200 	 0.850400 	 0.640400

-0.563800 	 0.670000 	 -1.189000
0.101200 	 0.026000 	 0.035000
-0.789800 	 -1.017000 	 0.723000
0.927200 	 -0.399000 	 -0.243000
0.325200 	 0.720000 	 0.674000

F 2 2
-2.091250 	 1.290833 	 1.491000
-0.992250 	 0.612833 	 0.708000
0.274750 	 0.445833 	 1.280000
-1.241250 	 0.149833 	 -0.589000
1.293750 	 -0.182166 	 0.553000
-0.223250 	 -0.478166 	 -1.317000
1.044750 	 -0.644167 	 -0.746000
0.467750 	 0.800833 	 2.281000
-2.218250 	 0.277833 	 -1.030000
2.270750 	 -0.311167 	 0.993000
-0.415250 	 -0.834167 	 -2.318000
1.829750 	 -1.128167 	 -1.306000

1.651000 	 1.981583 	 -1.261916
0.760000 	 0.938583 	 -0.573917
-0.144000 	 1.298583 	 0.427084
0.882000 	 -0.399417 	 -0.973916
-0.934000 	 0.317583 	 1.034083
0.080000 	 -1.359417 	 -0.374916
-0.821000 	 -0.982417 	 0.601083
-0.220000 	 2.187583 	 0.689083
1.492000 	 -0.640417 	 -1.632917
-1.525000 	 0.539583 	 1.716083
0.148000 	 -2.251417 	 -0.629917
-1.369000 	 -1.630417 	 0.980083

A 0 8
-1.092599 	 0.942400 	 -0.136800
-0.032600 	 -0.051600 	 -0.022800
0.307400 	 -0.368600 	 1.445200
1.189400 	 0.456400 	 -0.796800
-0.371601 	 -0.978600 	 -0.488800

1.074600 	 0.869200 	 -0.428200
0.004600 	 0.008200 	 0.065800
0.295601 	 -1.465800 	 -0.259200
-1.327401 	 0.482200 	 -0.530200
-0.047400 	 0.106200 	 1.151800

0.815600 	 1.209400 	 -0.047200
-0.005400 	 -0.002600 	 -0.074200
-1.270400 	 0.188400 	 0.761800
0.748600 	 -1.253600 	 0.361800
-0.288400 	 -0.141600 	 -1.002200

-0.834200 	 0.997600 	 0.632000
0.056800 	 0.012600 	 0.046000
0.441800 	 0.380600 	 -1.378000
-0.543200 	 -1.399400 	 0.121000
0.878800 	 0.008600 	 0.579000

-1.236400 	 0.533600 	 -0.494800
0.033600 	 0.083600 	 0.040200
0.898600 	 -0.429400 	 -1.090800
-0.180400 	 -1.026400 	 1.074200
0.484600 	 0.838600 	 0.471200

0.005600 	 -1.432800 	 -0.046400
-0.044400 	 0.009200 	 -0.083400
1.347600 	 0.616200 	 -0.153400
-0.758400 	 0.520200 	 1.158600
-0.550400 	 0.287200 	 -0.875400

0.070600 	 -1.067000 	 -1.001400
-0.053400 	 -0.055000 	 0.058600
-1.027400 	 1.072000 	 -0.215400
1.334600 	 0.554000 	 0.272600
-0.324400 	 -0.504000 	 0.885600

-0.564000 	 -1.158000 	 -0.665400
0.009000 	 0.036000 	 -0.057400
1.349000 	 -0.271000 	 0.604600
-0.958999 	 0.627000 	 0.956600
0.165000 	 0.766000 	 -0.838400

A 1 8
-1.155400 	 -0.478000 	 0.734000
0.066600 	 0.030000 	 -0.040000
0.873600 	 -0.700000 	 0.029000
-0.192400 	 0.165000 	 -1.091000
0.407600 	 0.983000 	 0.368000

1.261200 	 -0.448400 	 0.562200
-0.070801 	 0.025600 	 -0.033800
-0.885799 	 -0.588400 	 0.349200
-0.252800 	 1.065600 	 0.243200
-0.051800 	 -0.054400 	 -1.120800

-0.698400 	 1.158600 	 -0.403400
0.055600 	 -0.092400 	 0.032600
0.846600 	 -0.193400 	 -0.503400
-0.507400 	 -0.861400 	 -0.081400
0.303600 	 -0.011400 	 0.955600

0.554800 	 1.306200 	 -0.069000
-0.045200 	 -0.105800 	 0.006000
-0.265200 	 -0.311800 	 0.917000
0.594800 	 -0.742800 	 -0.321000
-0.839200 	 -0.145800 	 -0.533000

0.198200 	 1.027000 	 -0.957000
-0.015800 	 -0.083000 	 0.077000
-0.581800 	 0.241000 	 0.782000
0.831200 	 -0.347000 	 0.443000
-0.431800 	 -0.838000 	 -0.345000

0.661200 	 -0.473200 	 -1.150400
-0.052800 	 0.037800 	 0.091600
-0.930800 	 -0.348200 	 0.137600
-0.124800 	 0.993800 	 0.048600
0.447200 	 -0.210200 	 0.872600

-1.284600 	 -0.563600 	 -0.197600
0.103400 	 0.045400 	 0.016400
0.736400 	 -0.654600 	 0.193400
0.076400 	 0.649400 	 0.761400
0.368400 	 0.523400 	 -0.773600

0.911799 	 -0.556600 	 -0.955200
-0.056199 	 0.034400 	 0.058800
-0.680200 	 -0.750600 	 0.459800
-0.675201 	 0.775400 	 -0.424200
0.499800 	 0.497400 	 0.860800

