-0.062000 	 -0.077200 	 -0.003800
0.747000 	 1.168800 	 -0.054800
0.631000 	 -0.834200 	 -0.040800
-0.731000 	 -0.103200 	 -0.769800
-0.585000 	 -0.154200 	 0.869200

1.351250 	 0.405000 	 0.267750
-0.083750 	 -0.025000 	 -0.003250
-0.491750 	 -1.102000 	 0.448750
-0.775750 	 0.722000 	 -0.713250

-0.043333 	 -0.320333 	 0.220667
-0.632333 	 0.007667 	 -0.459333
0.675666 	 0.312667 	 0.238667

3
0.667250 	 -1.820750 	 -0.349000
0.359250 	 -0.920750 	 -0.070000
-0.268750 	 0.844250 	 0.007000
-0.757750 	 1.897250 	 0.412000

2.010000 	 0.000010 	 0.000000
1.010000 	 0.000010 	 0.000000
-0.890000 	 -0.000010 	 0.000000
-2.130000 	 -0.000010 	 0.000000

2.010000 	 0.100000 	 0.000000
1.010000 	 0.100000 	 0.000000
-0.890000 	 -0.100000 	 0.000000
-2.130000 	 -0.100000 	 0.000000