6
-0.069250 	 -0.295000 	 -1.892500
-0.656250 	 -0.902000 	 -0.306500
-0.488250 	 0.768000 	 0.834500
1.213750 	 0.429000 	 1.364500

1.348500 	 1.135750 	 1.002000
-0.418500 	 0.859750 	 0.746000
-0.202500 	 -0.149250 	 -1.087000
-0.727500 	 -1.846250 	 -0.661000

0.319000 	 1.816750 	 -0.691000
-0.135000 	 0.155750 	 -1.201000
-0.843000 	 -0.557250 	 0.632000
0.659000 	 -1.415250 	 1.260000

0.659000 	 -1.415250 	 1.260000
-0.843000 	 -0.557250 	 0.632000
-0.135000 	 0.155750 	 -1.201000
0.319000 	 1.816750 	 -0.691000

-0.727500 	 -1.846250 	 -0.661000
-0.202500 	 -0.149250 	 -1.087000
-0.418500 	 0.859750 	 0.746000
1.348500 	 1.135750 	 1.002000

1.213750 	 0.429000 	 1.364500
-0.488250 	 0.768000 	 0.834500
-0.656250 	 -0.902000 	 -0.306500
-0.069250 	 -0.295000 	 -1.892500

